summer2023/data/traceraq-Pandora25-NO2_UH_20210801_R1_thru20210930.ict
49, 1001
Hanisco, Tom
NASA Goddard Space Flight Center
Pandora Spectrometer System
TRACER-AQ - TRacking Aerosol Convection ExpeRiment – Air Quality
1,1
2021, 08, 01, 2021, 09, 30
1
Index_number, number, Index_for_measurements
8
1,1,1,1,1,1,1,1
-9999,-9999,-9999,-9999,-9999,-9999,-9999,-9999
Datetime, fractional_day, UTC_date_time_for_measurement_center, fractional day since 00:00:00 UTC on 01-January-2000
Solar_zenith, degrees, measurement_solar_zenith_angle, Solar zenith angle
Solar_azimuth, degrees, measurement_solar_azimuth_angle_in_deg
Normalized_rms, unitless, normalized_root_mean_squared, Normalized rms of fitting residuals
Data_quality_flag, unitless, data_quality_flags_for_filtering, L2 data quality flag for nitrogen dioxide
NO2_total_vertical_column, moles per square meter, total_column_NO2_in_moles_per_square_meter, Nitrogen dioxide total vertical column amount
Uncertainty_NO2_vertical_column, moles per square meter, uncertainty_total_column_NO2_in_moles_per_square_meter, total uncertainty of nitrogen dioxide total vertical column amount
Direct_sun_air_mass_factor, unitless, geometric_air_mass_factor, Direct nitrogen dioxide air mass factor
0
27
PI_CONTACT_INFO: thomas.hanisco@nasa.gov
PLATFORM: Pandora Spectrometer System
LOCATION: University Of Houston, Houston(TX), Lat: 29.7200 Lon: -95.3400
ASSOCIATED_DATA: N/A
INSTRUMENT_INFO: Pandora 25. Direct sun/moon retrievals
DATA_INFO: N/A
UNCERTAINTY: Uncertainty given as separate variable
ULOD_FLAG: -777777777
ULOD_VALUE: N/A
LLOD_FLAG: -888888888
LLOD_VALUE: N/A
DM_CONTACT_INFO: Alexander Kotsakis, alexander.e.kotsakis@nasa.gov
PROJECT_INFO: TRACER-AQ - TRacking Aerosol Convection ExpeRiment – Air Quality, September 2021
STIPULATIONS_ON_USE: The public domain data you have downloaded are contributed by the NASA Goddard Space Flight Center Pandora Project, PI Thomas Hanisco. Central data processing with common algorithms is conducted under the direction of the NASA-ESA Pandonia Global Network
OTHER_COMMENTS: Lunar data may be included in this file, but no lunar viewing geometries are given. Lunar data may not be quality controlled. Lunar viewing geometries available upon request
Data quality flags may be given. Data quality flags correspond to:
0 = final/assured high quality
1 = final/assured medium quality
2 = final/assured low quality
10 = preliminary/not assured high quality
11 = preliminary/not assured medium quality
12 = preliminary/not assured low quality
It is recommended to only use data of high quality (0 and 10), however data of medium quality (1 and 11) are acceptable for use.To perform filtering without using data quality flags, only use data with NO2 uncertainty < 0.1 and Normalized rms < 0.01
RMS is the dimensionless spectral fitting residual. Normalized RMS includes algorithmic error
REVISION: R1
R1: Bug fixed with data quality flags
Index_number, Datetime, Solar_zenith, Solar_azimuth, Normalized_rms, Data_quality_flag, NO2_total_vertical_column, Uncertainty_NO2_vertical_column, Direct_sun_air_mass_factor
[from data line 1935]
1936,7883.9548,61.5,275.15,0.0002066,0,0.00012257,3.4888e-06,2.078
1937,7883.9548,61.52,275.16,0.0002053,0,0.0001236,3.4839e-06,2.079
1938,7883.9549,61.54,275.17,0.000213,0,0.00012315,3.4862e-06,2.08
1939,7883.955,61.57,275.19,0.0001904,0,0.0001242,3.478e-06,2.082
1940,7883.955,61.59,275.2,0.0001999,0,0.00012301,3.4789e-06,2.084
1941,7883.9551,61.61,275.21,0.0001984,0,0.00012426,3.4721e-06,2.085
1942,7883.9552,61.63,275.22,0.0001983,0,0.00012258,3.4737e-06,2.086
1943,7883.956,61.89,275.36,0.0001843,0,0.00012938,3.436e-06,2.104
1944,7883.9561,61.91,275.37,0.0002005,0,0.00013016,3.4332e-06,2.106
1945,7883.9562,61.93,275.38,0.0002155,0,0.0001303,3.4299e-06,2.107
1946,7883.9562,61.96,275.39,0.0002134,0,0.00013004,3.4303e-06,2.109
1947,7883.9563,61.98,275.4,0.0002143,0,0.00013048,3.4239e-06,2.111
1948,7883.9564,62,275.41,0.0002124,0,0.0001303,3.426e-06,2.112
1949,7883.9564,62.02,275.42,0.000226,0,0.00013169,3.4209e-06,2.113
1950,7883.9565,62.04,275.44,0.0002234,0,0.00013244,3.4187e-06,2.115
1951,7883.9566,62.06,275.45,0.0002343,0,0.00013237,3.418e-06,2.116
1952,7883.9566,62.09,275.46,0.0002346,0,0.00013184,3.4127e-06,2.118
1953,7883.9575,62.35,275.59,0.0002201,0,0.00012889,3.3908e-06,2.136
1954,7883.9576,62.37,275.6,0.0002524,0,0.00012894,3.3908e-06,2.137
1955,7883.9576,62.39,275.62,0.0002158,0,0.00013009,3.3888e-06,2.139
1956,7883.9577,62.41,275.63,0.0002315,0,0.00012974,3.3865e-06,2.14
1957,7883.9578,62.43,275.64,0.0002124,0,0.00012935,3.3834e-06,2.141
1958,7883.9578,62.46,275.65,0.0002064,0,0.00013169,3.3755e-06,2.144
1959,7883.9579,62.48,275.66,0.0002152,0,0.00013146,3.3731e-06,2.145
1960,7883.958,62.5,275.67,0.0002083,0,0.00013298,3.3729e-06,2.147
1961,7883.958,62.52,275.68,0.0002013,0,0.00013385,3.3703e-06,2.148
1962,7883.9581,62.54,275.7,0.0002071,0,0.000135,3.3667e-06,2.15
1963,7883.9589,62.8,275.83,0.0002192,0,0.00013702,3.3368e-06,2.169
1964,7883.959,62.82,275.84,0.0002223,0,0.00013485,3.3321e-06,2.17
1965,7883.9591,62.85,275.85,0.0002174,0,0.00013386,3.329e-06,2.172
1966,7883.9592,62.87,275.86,0.0002257,0,0.00013424,3.3288e-06,2.173
1967,7883.9592,62.89,275.88,0.0002182,0,0.00013454,3.3261e-06,2.175
1968,7883.9593,62.91,275.89,0.0002212,0,0.00013537,3.324e-06,2.176
1969,7883.9594,62.93,275.9,0.0002204,0,0.00013608,3.3209e-06,2.178
1970,7883.9594,62.96,275.91,0.0002263,0,0.00013561,3.3199e-06,2.18
1971,7883.9595,62.98,275.92,0.0002234,0,0.00013486,3.3167e-06,2.181
1972,7883.9596,63,275.93,0.000221,0,0.00013414,3.3147e-06,2.183
1973,7883.9604,63.26,276.07,0.0002363,0,0.00012749,3.2871e-06,2.201
1974,7883.9605,63.28,276.08,0.0002512,0,0.00012802,3.2842e-06,2.203
1975,7883.9605,63.3,276.09,0.0002557,0,0.00012904,3.2859e-06,2.204
1976,7883.9606,63.32,276.1,0.0002581,0,0.00013299,3.2757e-06,2.206
1977,7883.9607,63.35,276.11,0.0002317,0,0.00013584,3.2778e-06,2.209
1978,7883.9608,63.37,276.12,0.0002516,0,0.00013439,3.2833e-06,2.21
1979,7883.9608,63.39,276.14,0.0002976,0,0.0001338,3.2854e-06,2.212
1980,7883.9609,63.41,276.15,0.000279,0,0.00013213,3.279e-06,2.213
1981,7883.961,63.43,276.16,0.0002595,0,0.00013245,3.2721e-06,2.214
1982,7883.961,63.46,276.17,0.0003235,0,0.00012546,3.2697e-06,2.216
1983,7883.9619,63.72,276.3,0.0002439,0,0.00013256,3.2501e-06,2.237
1984,7883.9619,63.74,276.32,0.0002445,0,0.00013157,3.248e-06,2.238
1985,7883.962,63.76,276.33,0.0002369,0,0.00013371,3.2437e-06,2.24
1986,7883.9621,63.78,276.34,0.0002368,0,0.00013539,3.2451e-06,2.242
1987,7883.9622,63.8,276.35,0.0002539,0,0.00013374,3.2418e-06,2.243
1988,7883.9622,63.82,276.36,0.0002723,0,0.00013177,3.2384e-06,2.244
1989,7883.9623,63.85,276.37,0.0003178,0,0.00012883,3.2317e-06,2.246
1990,7883.9624,63.87,276.38,0.0003767,0,0.00012688,3.2259e-06,2.247
1991,7883.9624,63.89,276.4,0.0003436,0,0.00012801,3.2256e-06,2.249
1992,7883.9625,63.91,276.41,0.0002507,0,0.00013095,3.2303e-06,2.251
1993,7883.9633,64.17,276.54,0.0004447,0,0.00012721,3.1993e-06,2.271
1994,7883.9634,64.19,276.55,0.0005571,0,0.00012616,3.1933e-06,2.272
1995,7883.9635,64.22,276.56,0.0006223,0,0.00012576,3.1884e-06,2.275
1996,7883.9636,64.24,276.58,0.0006454,0,0.0001242,3.192e-06,2.276
1997,7883.9636,64.26,276.59,0.0006491,0,0.00012479,3.1926e-06,2.278
1998,7883.9637,64.28,276.6,0.0006731,0,0.00012094,3.2026e-06,2.279
1999,7883.9638,64.3,276.61,0.0006599,0,0.00012241,3.2005e-06,2.281
2000,7883.9638,64.32,276.62,0.0006964,0,0.00012219,3.2052e-06,2.282
2001,7883.9639,64.35,276.63,0.0007661,0,0.0001216,3.2068e-06,2.285
2002,7883.964,64.37,276.64,0.0008248,0,0.00012012,3.2098e-06,2.286
2003,7883.9648,64.63,276.78,0.0004378,0,0.00012818,3.1627e-06,2.309
2004,7883.9649,64.65,276.79,0.0003058,0,0.00013056,3.1639e-06,2.311
2005,7883.965,64.68,276.8,0.0002706,2,0.00013121,3.1698e-06,2.313
2006,7883.9655,64.84,276.89,0.0003865,0,0.00014194,3.1461e-06,2.328
2007,7883.9656,64.87,276.9,0.0003099,0,0.00014225,3.1385e-06,2.331
2008,7883.9657,64.89,276.91,0.0002536,0,0.00014044,3.1316e-06,2.332
2009,7883.9657,64.91,276.92,0.0002381,0,0.00014114,3.1253e-06,2.334
2010,7883.9658,64.93,276.93,0.0002585,0,0.00013707,3.12e-06,2.335
2011,7883.9659,64.95,276.95,0.0002664,0,0.00013499,3.1167e-06,2.336
2012,7883.9659,64.97,276.96,0.0002483,0,0.00013427,3.1183e-06,2.338
2013,7883.966,65,276.97,0.0002192,0,0.00013625,3.1174e-06,2.341
2014,7883.9661,65.02,276.98,0.000233,0,0.00013528,3.1178e-06,2.342
2015,7883.9661,65.04,276.99,0.0002485,0,0.00013686,3.1186e-06,2.344
2016,7883.967,65.3,277.12,0.0002442,0,0.00013116,3.0766e-06,2.366
2017,7883.967,65.32,277.14,0.0002242,0,0.00013624,3.0782e-06,2.369
2018,7883.9671,65.34,277.15,0.0002543,0,0.00013847,3.081e-06,2.371
2019,7883.9672,65.36,277.16,0.0002747,0,0.00013906,3.0818e-06,2.373
2020,7883.9673,65.39,277.17,0.0002922,0,0.00013614,3.0787e-06,2.375
2021,7883.9673,65.41,277.18,0.000307,0,0.0001343,3.0793e-06,2.376
2022,7883.9674,65.43,277.19,0.000284,0,0.00013283,3.077e-06,2.378
2023,7883.9675,65.45,277.2,0.0002471,0,0.00013175,3.0731e-06,2.379
2024,7883.9675,65.47,277.21,0.0002476,2,0.00013587,3.0695e-06,2.382
2025,7883.9684,65.73,277.34,0.0002579,0,0.00013914,3.028e-06,2.406
2026,7883.9684,65.75,277.36,0.0002491,0,0.00013812,3.0269e-06,2.407
2027,7883.9685,65.77,277.37,0.0002481,0,0.00013452,3.0213e-06,2.408
2028,7883.9686,65.79,277.38,0.0002332,0,0.00013146,3.0238e-06,2.41
2029,7883.9686,65.81,277.39,0.0002424,0,0.00013129,3.019e-06,2.411
2030,7883.9687,65.83,277.4,0.00025,0,0.00013042,3.0169e-06,2.413
2031,7883.9688,65.86,277.41,0.0002518,0,0.0001295,3.0129e-06,2.416
2032,7883.9688,65.88,277.42,0.0002315,0,0.00012788,3.0154e-06,2.417
2033,7883.9689,65.9,277.44,0.0002291,0,0.00012801,3.0104e-06,2.419
2034,7883.969,65.92,277.45,0.0002273,0,0.00012454,3.0185e-06,2.42
2035,7883.9698,66.18,277.58,0.0002388,0,0.00012244,2.9953e-06,2.444
2036,7883.9699,66.2,277.59,0.0002583,0,0.00012166,2.9937e-06,2.446
2037,7883.97,66.22,277.6,0.0002413,0,0.00011993,2.9985e-06,2.447
2038,7883.97,66.25,277.61,0.0002373,0,0.0001188,2.9983e-06,2.45
2039,7883.9701,66.27,277.62,0.0002421,0,0.00011836,2.9991e-06,2.451
2040,7883.9702,66.29,277.64,0.0002493,0,0.00012069,2.9885e-06,2.454
2041,7883.9702,66.31,277.65,0.000245,0,0.00012408,2.9781e-06,2.456
2042,7883.9703,66.33,277.66,0.000241,0,0.00012192,2.9802e-06,2.458
2043,7883.9704,66.35,277.67,0.0002445,0,0.0001226,2.9751e-06,2.46
2044,7883.9704,66.38,277.68,0.0002389,0,0.00012308,2.9701e-06,2.463
2045,7883.9713,66.63,277.81,0.0002447,0,0.00012295,2.9434e-06,2.487
2046,7883.9714,66.66,277.83,0.0002596,0,0.0001257,2.9341e-06,2.49
2047,7883.9714,66.68,277.84,0.0002664,0,0.00012365,2.9359e-06,2.492
2048,7883.9715,66.7,277.85,0.0002717,0,0.00011844,2.9468e-06,2.493
2049,7883.9716,66.72,277.86,0.0002621,0,0.00012304,2.9342e-06,2.496
2050,7883.9716,66.74,277.87,0.0002475,0,0.000125,2.9277e-06,2.498
2051,7883.9717,66.76,277.88,0.0002659,0,0.00012647,2.9258e-06,2.5
2052,7883.9718,66.79,277.89,0.000261,0,0.0001269,2.9232e-06,2.503
2053,7883.9718,66.81,277.9,0.0002541,0,0.00012573,2.9219e-06,2.505
2054,7883.9719,66.83,277.91,0.0002471,0,0.00012633,2.9185e-06,2.507
2055,7883.9727,67.09,278.05,0.0002348,0,0.00012074,2.8999e-06,2.532
2056,7883.9728,67.11,278.06,0.000245,0,0.00012176,2.8937e-06,2.534
2057,7883.9729,67.13,278.07,0.0002474,0,0.00012127,2.8936e-06,2.536
2058,7883.973,67.15,278.08,0.0002374,0,0.00012048,2.8977e-06,2.538
2059,7883.973,67.17,278.09,0.0002509,0,0.00011995,2.8949e-06,2.54
2060,7883.9731,67.2,278.1,0.0002492,0,0.00011965,2.8895e-06,2.543
2061,7883.9732,67.22,278.12,0.0002433,0,0.0001194,2.8877e-06,2.545
2062,7883.9732,67.24,278.13,0.0002418,0,0.00011847,2.8889e-06,2.547
2063,7883.9733,67.26,278.14,0.000248,0,0.00011841,2.8897e-06,2.549
2064,7883.9734,67.28,278.15,0.0002347,0,0.00011791,2.8853e-06,2.551
2065,7883.9742,67.54,278.28,0.0002425,0,0.00011234,2.8819e-06,2.576
2066,7883.9743,67.56,278.29,0.0002509,0,0.00011625,2.8609e-06,2.579
2067,7883.9744,67.59,278.3,0.0002475,0,0.0001173,2.8543e-06,2.583
2068,7883.9744,67.61,278.32,0.0002512,0,0.00011549,2.8594e-06,2.584
2069,7883.9745,67.63,278.33,0.0002479,0,0.00011622,2.8531e-06,2.587
2070,7883.9746,67.65,278.34,0.0002533,0,0.00011494,2.8563e-06,2.588
2071,7883.9746,67.67,278.35,0.0002537,0,0.000114,2.8584e-06,2.59
2072,7883.9747,67.69,278.36,0.0002537,0,0.00011536,2.8521e-06,2.593
2073,7883.9748,67.72,278.37,0.0002584,0,0.00011746,2.8421e-06,2.596
2074,7883.9748,67.74,278.38,0.0002558,0,0.00011588,2.8451e-06,2.598
2075,7883.9757,67.99,278.52,0.0002587,0,0.00012136,2.8001e-06,2.627
2076,7883.9757,68.02,278.53,0.0002548,0,0.00012252,2.7935e-06,2.63
2077,7883.9758,68.04,278.54,0.0002598,0,0.00012528,2.7856e-06,2.633
2078,7883.9759,68.06,278.55,0.000265,0,0.00012838,2.7785e-06,2.636
2079,7883.976,68.08,278.56,0.0002565,0,0.00012621,2.7807e-06,2.638
2080,7883.976,68.1,278.57,0.000261,0,0.0001243,2.7827e-06,2.64
2081,7883.9761,68.12,278.58,0.0002653,0,0.00012408,2.7786e-06,2.642
2082,7883.9762,68.15,278.59,0.0002752,0,0.0001249,2.7741e-06,2.645
2083,7883.9762,68.17,278.61,0.0002726,0,0.00012022,2.7833e-06,2.646
2084,7883.9763,68.19,278.62,0.0002689,0,0.00012027,2.7813e-06,2.648
2085,7883.9783,68.8,278.93,0.0002737,0,0.00011908,2.7207e-06,2.718
2086,7883.9783,68.82,278.94,0.0002693,0,0.00012081,2.7117e-06,2.721
2087,7883.9784,68.84,278.95,0.0002615,0,0.00011932,2.7123e-06,2.723
2088,7883.9785,68.86,278.96,0.000265,0,0.00012105,2.7051e-06,2.726
2089,7883.9786,68.89,278.98,0.0002657,0,0.00012232,2.6999e-06,2.73
2090,7883.9786,68.91,278.99,0.0002617,0,0.00012159,2.7016e-06,2.732
2091,7883.9787,68.93,279,0.0002725,0,0.00012277,2.6936e-06,2.734
2092,7883.9788,68.95,279.01,0.0002724,0,0.0001248,2.6883e-06,2.737
2093,7883.9788,68.97,279.02,0.0002634,0,0.00012426,2.6884e-06,2.74
2094,7883.9789,68.99,279.03,0.0002692,0,0.00012389,2.6872e-06,2.742
2095,7883.9797,69.25,279.16,0.0002769,0,0.00012392,2.6596e-06,2.773
2096,7883.9798,69.27,279.17,0.0002875,0,0.00012037,2.6652e-06,2.775
2097,7883.9799,69.29,279.19,0.0002795,0,0.00012061,2.6608e-06,2.777
2098,7883.9799,69.32,279.2,0.0002789,0,0.00011938,2.66e-06,2.781
2099,7883.98,69.34,279.21,0.0002684,0,0.000119,2.6567e-06,2.783
2100,7883.9801,69.36,279.22,0.0002789,0,0.00012043,2.6508e-06,2.786
2101,7883.9802,69.38,279.23,0.0002751,0,0.00012018,2.6505e-06,2.788
2102,7883.9802,69.4,279.24,0.0002708,0,0.00011907,2.649e-06,2.79
2103,7883.9803,69.42,279.25,0.0002783,0,0.00011887,2.6497e-06,2.793
2104,7883.9804,69.45,279.26,0.0002792,0,0.00012063,2.6396e-06,2.797
2105,7883.9812,69.7,279.4,0.0002716,0,0.00012615,2.6031e-06,2.831
2106,7883.9813,69.72,279.41,0.0002732,0,0.00012447,2.6039e-06,2.833
2107,7883.9813,69.75,279.42,0.0002719,0,0.00012755,2.5957e-06,2.838
2108,7883.9814,69.77,279.43,0.0002793,0,0.00012605,2.5975e-06,2.84
2109,7883.9815,69.79,279.44,0.0002674,0,0.0001269,2.5938e-06,2.843
2110,7883.9816,69.81,279.45,0.0002732,0,0.00012506,2.5921e-06,2.844
2111,7883.9816,69.83,279.46,0.0002737,0,0.00012503,2.5913e-06,2.847
2112,7883.9817,69.85,279.48,0.0002657,0,0.00012359,2.5926e-06,2.849
2113,7883.9818,69.88,279.49,0.0002744,0,0.0001225,2.5911e-06,2.853
2114,7883.9818,69.9,279.5,0.0002726,0,0.00012444,2.5857e-06,2.856
2115,7883.9827,70.16,279.63,0.0002662,0,0.00012072,2.5624e-06,2.889
2116,7883.9827,70.18,279.64,0.0002815,0,0.0001216,2.5595e-06,2.892
2117,7883.9828,70.2,279.65,0.0002762,0,0.00012322,2.5527e-06,2.895
2118,7883.9829,70.22,279.66,0.0002708,0,0.00012231,2.553e-06,2.898
2119,7883.983,70.24,279.68,0.0002785,0,0.0001221,2.55e-06,2.9
2120,7883.983,70.26,279.69,0.0002766,0,0.0001241,2.5456e-06,2.904
2121,7883.9831,70.29,279.7,0.0002811,0,0.00012562,2.5409e-06,2.908
2122,7883.9832,70.31,279.71,0.0002773,0,0.00012338,2.5408e-06,2.91
2123,7883.9832,70.33,279.72,0.0002853,0,0.00012377,2.5374e-06,2.913
2124,7883.9833,70.35,279.73,0.0002803,0,0.00012343,2.5372e-06,2.916
2125,7883.9841,70.61,279.86,0.0002865,0,0.00012573,2.5025e-06,2.952
2126,7883.9842,70.63,279.88,0.0002829,0,0.00012442,2.5018e-06,2.955
2127,7883.9843,70.65,279.89,0.0002961,0,0.00012726,2.4968e-06,2.959
2128,7883.9843,70.67,279.9,0.0002935,0,0.00012664,2.4951e-06,2.961
2129,7883.9844,70.69,279.91,0.0002901,0,0.0001268,2.4925e-06,2.964
2130,7883.9845,70.72,279.92,0.0002841,0,0.00012766,2.4877e-06,2.969
2131,7883.9846,70.74,279.93,0.0002889,0,0.00012618,2.4878e-06,2.971
2132,7883.9846,70.76,279.94,0.0002795,0,0.0001252,2.4883e-06,2.973
2133,7883.9847,70.78,279.95,0.0002899,0,0.00012517,2.4852e-06,2.976
2134,7883.9848,70.8,279.96,0.0002966,0,0.00012507,2.4831e-06,2.979
2135,7883.9856,71.06,280.1,0.000309,0,0.00012125,2.4617e-06,3.015
2136,7883.9857,71.08,280.11,0.0003059,0,0.00012218,2.4572e-06,3.018
2137,7883.9857,71.1,280.12,0.0003078,0,0.00012271,2.4545e-06,3.021
2138,7883.9858,71.12,280.13,0.0003135,0,0.00012213,2.4542e-06,3.024
2139,7883.9859,71.14,280.14,0.0003071,0,0.00012134,2.4526e-06,3.027
2140,7883.986,71.17,280.15,0.0002971,0,0.00012134,2.4475e-06,3.031
2141,7883.986,71.19,280.16,0.0003153,0,0.00012211,2.4467e-06,3.034
2142,7883.9861,71.21,280.18,0.0003195,0,0.00012211,2.4426e-06,3.037
2143,7883.9862,71.23,280.19,0.0003118,0,0.00012275,2.4399e-06,3.041
2144,7883.9862,71.25,280.2,0.0003006,0,0.00012379,2.4378e-06,3.044
2145,7883.9871,71.51,280.33,0.0002926,0,0.0001196,2.4126e-06,3.081
2146,7883.9871,71.53,280.34,0.0002962,0,0.00012074,2.4099e-06,3.085
2147,7883.9872,71.55,280.35,0.0003123,0,0.00012086,2.4058e-06,3.088
2148,7883.9873,71.57,280.36,0.0002969,0,0.00012134,2.401e-06,3.091
2149,7883.9873,71.6,280.38,0.0002977,0,0.00012207,2.398e-06,3.096
2150,7883.9874,71.62,280.39,0.0003081,0,0.00012249,2.3927e-06,3.1
2151,7883.9875,71.64,280.4,0.0003121,0,0.00012377,2.3896e-06,3.103
2152,7883.9876,71.66,280.41,0.0003104,0,0.00012233,2.3903e-06,3.106
2153,7883.9876,71.68,280.42,0.0003151,0,0.00012662,2.3821e-06,3.111
2154,7883.9877,71.7,280.43,0.0003052,0,0.00012583,2.3798e-06,3.114
2155,7883.9885,71.96,280.57,0.0003006,0,0.00012842,2.349e-06,3.156
2156,7883.9886,71.98,280.58,0.0002955,0,0.00012916,2.346e-06,3.16
2157,7883.9887,72,280.59,0.0003045,0,0.00012933,2.3429e-06,3.163
2158,7883.9887,72.03,280.6,0.0003081,0,0.00012882,2.3398e-06,3.168
2159,7883.9888,72.05,280.61,0.0003064,0,0.00012989,2.3362e-06,3.171
2160,7883.9889,72.07,280.62,0.0003173,0,0.00012964,2.3354e-06,3.175
2161,7883.989,72.09,280.63,0.0003217,0,0.000128,2.3325e-06,3.177
2162,7883.989,72.11,280.64,0.0003172,0,0.00012792,2.3295e-06,3.18
2163,7883.9891,72.13,280.66,0.0003121,0,0.00012599,2.3298e-06,3.183
2164,7883.9892,72.16,280.67,0.0003115,0,0.00012486,2.3296e-06,3.187
2165,7883.99,72.41,280.8,0.0003137,0,0.00011624,2.3197e-06,3.224
2166,7883.9901,72.43,280.81,0.0003134,0,0.00011746,2.3139e-06,3.228
2167,7883.9901,72.45,280.82,0.0003222,0,0.00011981,2.306e-06,3.232
2168,7883.9902,72.48,280.83,0.0003185,0,0.00011748,2.3078e-06,3.236
2169,7883.9903,72.5,280.84,0.0003301,0,0.0001188,2.3035e-06,3.24
2170,7883.9904,72.52,280.86,0.0003286,0,0.00011829,2.3005e-06,3.243
2171,7883.9904,72.54,280.87,0.0003207,0,0.00012015,2.2957e-06,3.248
2172,7883.9905,72.56,280.88,0.0003274,0,0.00011816,2.2973e-06,3.25
2173,7883.9906,72.58,280.89,0.0003247,0,0.00011914,2.2912e-06,3.254
