summer2023/data/traceraq-Pandora25-NO2_UH_20210801_R1_thru20210930.ict
49, 1001
Hanisco, Tom
NASA Goddard Space Flight Center
Pandora Spectrometer System
TRACER-AQ - TRacking Aerosol Convection ExpeRiment – Air Quality
1,1
2021, 08, 01, 2021, 09, 30
1
Index_number, number, Index_for_measurements
8
1,1,1,1,1,1,1,1
-9999,-9999,-9999,-9999,-9999,-9999,-9999,-9999
Datetime, fractional_day, UTC_date_time_for_measurement_center, fractional day since 00:00:00 UTC on 01-January-2000
Solar_zenith, degrees, measurement_solar_zenith_angle, Solar zenith angle
Solar_azimuth, degrees, measurement_solar_azimuth_angle_in_deg
Normalized_rms, unitless, normalized_root_mean_squared, Normalized rms of fitting residuals
Data_quality_flag, unitless, data_quality_flags_for_filtering, L2 data quality flag for nitrogen dioxide
NO2_total_vertical_column, moles per square meter, total_column_NO2_in_moles_per_square_meter, Nitrogen dioxide total vertical column amount
Uncertainty_NO2_vertical_column, moles per square meter, uncertainty_total_column_NO2_in_moles_per_square_meter, total uncertainty of nitrogen dioxide total vertical column amount
Direct_sun_air_mass_factor, unitless, geometric_air_mass_factor, Direct nitrogen dioxide air mass factor
0
27
PI_CONTACT_INFO: thomas.hanisco@nasa.gov
PLATFORM: Pandora Spectrometer System
LOCATION: University Of Houston, Houston(TX), Lat: 29.7200 Lon: -95.3400
ASSOCIATED_DATA: N/A
INSTRUMENT_INFO: Pandora 25. Direct sun/moon retrievals
DATA_INFO: N/A
UNCERTAINTY: Uncertainty given as separate variable
ULOD_FLAG: -777777777
ULOD_VALUE: N/A
LLOD_FLAG: -888888888
LLOD_VALUE: N/A
DM_CONTACT_INFO: Alexander Kotsakis, alexander.e.kotsakis@nasa.gov
PROJECT_INFO: TRACER-AQ - TRacking Aerosol Convection ExpeRiment – Air Quality, September 2021
STIPULATIONS_ON_USE: The public domain data you have downloaded are contributed by the NASA Goddard Space Flight Center Pandora Project, PI Thomas Hanisco. Central data processing with common algorithms is conducted under the direction of the NASA-ESA Pandonia Global Network
OTHER_COMMENTS: Lunar data may be included in this file, but no lunar viewing geometries are given. Lunar data may not be quality controlled. Lunar viewing geometries available upon request
Data quality flags may be given. Data quality flags correspond to:
0 = final/assured high quality
1 = final/assured medium quality
2 = final/assured low quality
10 = preliminary/not assured high quality
11 = preliminary/not assured medium quality
12 = preliminary/not assured low quality
It is recommended to only use data of high quality (0 and 10), however data of medium quality (1 and 11) are acceptable for use.To perform filtering without using data quality flags, only use data with NO2 uncertainty < 0.1 and Normalized rms < 0.01
RMS is the dimensionless spectral fitting residual. Normalized RMS includes algorithmic error
REVISION: R1
R1: Bug fixed with data quality flags
Index_number, Datetime, Solar_zenith, Solar_azimuth, Normalized_rms, Data_quality_flag, NO2_total_vertical_column, Uncertainty_NO2_vertical_column, Direct_sun_air_mass_factor
[from data line 6721]
6722,7892.8878,41.92,259.55,0.000215,0,0.0001172,5.2722e-06,1.341
6723,7892.8878,41.94,259.57,0.0002297,0,0.00011997,5.2627e-06,1.342
6724,7892.8879,41.96,259.59,0.0002258,0,0.00012091,5.2621e-06,1.342
6725,7892.888,41.98,259.61,0.0002216,0,0.00012247,5.2548e-06,1.343
6726,7892.8881,42.01,259.63,0.0002257,0,0.00012502,5.2516e-06,1.343
6727,7892.8881,42.03,259.64,0.0002205,0,0.00012394,5.25e-06,1.344
6728,7892.8882,42.05,259.66,0.0002152,0,0.00012456,5.2498e-06,1.344
6729,7892.8994,45.5,262.22,0.0002317,0,0.00010701,5.0435e-06,1.423
6730,7892.8994,45.52,262.24,0.0002306,0,0.00010571,5.0553e-06,1.423
6731,7892.8995,45.55,262.26,0.0002269,0,0.0001061,5.05e-06,1.424
6732,7892.8996,45.57,262.27,0.0002307,0,0.00010581,5.0502e-06,1.424
6733,7892.8997,45.59,262.29,0.00023,0,0.00010563,5.0482e-06,1.425
6734,7892.8997,45.61,262.3,0.000227,0,0.0001057,5.0483e-06,1.425
6735,7892.8998,45.64,262.32,0.0002302,0,0.00010694,5.0316e-06,1.426
6736,7892.8999,45.66,262.34,0.0002337,0,0.00010523,5.045e-06,1.427
6737,7892.8999,45.68,262.35,0.0002396,0,0.0001048,5.0537e-06,1.427
6738,7892.9,45.7,262.37,0.0002418,0,0.00010374,5.0646e-06,1.428
6739,7892.9094,48.63,264.36,0.0006075,2,9.6234e-05,4.8571e-06,1.507
6740,7892.9274,54.24,267.87,0.0002364,0,0.00010241,4.3083e-06,1.702
6741,7892.9275,54.26,267.88,0.0002433,0,0.00010292,4.3051e-06,1.702
6742,7892.9276,54.29,267.9,0.0002462,0,0.00010638,4.2719e-06,1.704
6743,7892.9276,54.31,267.91,0.0002454,0,0.00010612,4.2671e-06,1.705
6744,7892.9277,54.33,267.92,0.0002444,0,0.00010451,4.2768e-06,1.705
6745,7892.9278,54.35,267.94,0.0002463,0,0.00010545,4.27e-06,1.706
6746,7892.9279,54.38,267.95,0.0002423,0,0.00010431,4.2772e-06,1.707
6747,7892.9279,54.4,267.96,0.0002341,0,0.00010422,4.2763e-06,1.708
6748,7892.928,54.42,267.98,0.0002331,0,0.00010282,4.2867e-06,1.709
6749,7892.9281,54.45,267.99,0.0002394,0,0.00010286,4.2817e-06,1.71
6750,7892.9375,57.4,269.72,0.0002336,0,0.000102,4.0019e-06,1.843
6751,7892.9376,57.43,269.73,0.0002323,0,0.00010244,3.9927e-06,1.844
6752,7892.9377,57.45,269.74,0.0002344,0,0.00010378,3.9811e-06,1.845
6753,7892.9377,57.47,269.76,0.0002366,0,0.00010404,3.9746e-06,1.846
6754,7892.9378,57.49,269.77,0.0002342,0,0.0001036,3.9796e-06,1.847
6755,7892.9379,57.52,269.78,0.0002349,0,0.0001043,3.97e-06,1.849
6756,7892.938,57.54,269.8,0.0002366,0,0.00010404,3.9705e-06,1.85
6757,7892.938,57.56,269.81,0.0002304,0,0.00010433,3.966e-06,1.851
6758,7892.9381,57.59,269.82,0.0002341,0,0.0001038,3.9678e-06,1.852
6759,7892.9382,57.61,269.83,0.0002323,0,0.00010263,3.9774e-06,1.853
6760,7892.9496,61.17,271.83,0.0002424,0,0.00011344,3.5377e-06,2.055
6761,7892.9496,61.19,271.84,0.0002404,0,0.00011182,3.5407e-06,2.056
6762,7892.9497,61.21,271.86,0.0002404,0,0.00011202,3.5395e-06,2.058
6763,7892.9498,61.23,271.87,0.0002351,0,0.00011226,3.5358e-06,2.059
6764,7892.9498,61.26,271.88,0.0002352,0,0.00011283,3.5314e-06,2.061
6765,7892.9499,61.28,271.89,0.0002391,0,0.00011176,3.5335e-06,2.062
6766,7892.95,61.3,271.91,0.0002379,0,0.00011431,3.5206e-06,2.064
6767,7892.9501,61.32,271.92,0.0002386,0,0.00011617,3.5093e-06,2.065
6768,7892.9501,61.35,271.93,0.0002471,0,0.00011746,3.5021e-06,2.067
6769,7892.9502,61.37,271.94,0.0002452,0,0.00011942,3.4945e-06,2.069
6770,7892.9597,64.34,273.56,0.0002391,0,0.00010173,3.2969e-06,2.28
6771,7892.9598,64.36,273.58,0.0002442,0,0.00010264,3.2847e-06,2.282
6772,7892.9599,64.38,273.59,0.0002504,0,0.00010242,3.2813e-06,2.283
6773,7892.9599,64.41,273.6,0.0002739,2,0.00010228,3.2714e-06,2.286
6774,7892.96,64.43,273.61,0.0002429,0,0.00010862,3.2323e-06,2.289
6775,7892.9601,64.45,273.62,0.000258,0,0.00010955,3.2306e-06,2.291
6776,7892.9601,64.47,273.64,0.0002448,0,0.00010837,3.235e-06,2.292
6777,7892.9602,64.5,273.65,0.0002785,2,0.00011008,3.2281e-06,2.295
6778,7892.9603,64.52,273.66,0.0002802,2,0.00010775,3.2336e-06,2.296
6779,7892.9604,64.54,273.67,0.0003388,2,0.00010857,3.2451e-06,2.298
6780,7892.9716,68.04,275.55,0.001782,2,0.00012213,4.4247e-06,2.633
6781,7893.0023,77.54,280.61,0.001592,2,0.00010269,1.7076e-06,4.378
6782,7893.0142,81.21,282.61,0.0006973,0,0.00010944,1.2171e-06,5.911
6783,7893.0143,81.23,282.62,0.0006839,0,0.00011028,1.2126e-06,5.926
6784,7893.0144,81.26,282.63,0.0006928,0,0.00011041,1.2101e-06,5.943
6785,7893.0145,81.28,282.64,0.0007074,0,0.000111,1.207e-06,5.957
6786,7893.0145,81.3,282.66,0.0006953,0,0.00011059,1.2041e-06,5.966
6787,7893.0146,81.32,282.67,0.0007081,0,0.00010952,1.2034e-06,5.972
6788,7893.0147,81.34,282.68,0.0006953,0,0.00010971,1.2013e-06,5.984
6789,7893.0148,81.37,282.69,0.0007124,0,0.00010912,1.1975e-06,5.998
6790,7893.0148,81.39,282.7,0.0007137,0,0.0001092,1.1946e-06,6.01
6791,7893.0149,81.41,282.72,0.0007251,0,0.0001101,1.1903e-06,6.025
6792,7893.5252,80.51,77.95,0.0006542,0,0.00011919,1.2967e-06,5.697
6793,7893.5253,80.49,77.97,0.0006507,0,0.00011861,1.2985e-06,5.685
6794,7893.5254,80.46,77.98,0.000657,0,0.00011786,1.3013e-06,5.667
6795,7893.5255,80.44,77.99,0.0006403,0,0.0001175,1.3029e-06,5.656
6796,7893.5255,80.42,78,0.0006358,0,0.00011669,1.3045e-06,5.644
6797,7893.5256,80.4,78.02,0.0006519,0,0.0001162,1.3062e-06,5.632
6798,7893.5257,80.38,78.03,0.000649,0,0.00011634,1.309e-06,5.622
6799,7893.5257,80.35,78.04,0.000636,0,0.00011671,1.3129e-06,5.608
6800,7893.5258,80.33,78.05,0.0006444,0,0.00011481,1.3126e-06,5.593
6801,7893.5259,80.31,78.06,0.0006542,0,0.00011508,1.3156e-06,5.584
6802,7893.5355,77.38,79.66,0.0004535,0,0.00011333,1.6973e-06,4.401
6803,7893.5355,77.35,79.67,0.0004535,0,0.00011574,1.7053e-06,4.394
6804,7893.5356,77.33,79.68,0.0004536,0,0.00011536,1.707e-06,4.387
6805,7893.5357,77.31,79.7,0.0004413,0,0.00011498,1.7092e-06,4.381
6806,7893.5357,77.29,79.71,0.0004437,0,0.00011495,1.7107e-06,4.374
6807,7893.5358,77.27,79.72,0.0004518,0,0.00011772,1.7188e-06,4.371
6808,7893.5359,77.24,79.73,0.000461,0,0.00011986,1.7259e-06,4.364
6809,7893.536,77.22,79.74,0.000453,0,0.00012128,1.7307e-06,4.359
6810,7893.536,77.2,79.76,0.0004404,0,0.00012201,1.7355e-06,4.354
6811,7893.5361,77.18,79.77,0.0004413,0,0.00012257,1.7391e-06,4.348
6812,7893.5477,73.59,81.7,0.0003428,0,0.000144,2.2246e-06,3.47
6813,7893.5478,73.56,81.71,0.0003438,0,0.00014206,2.2245e-06,3.464
6814,7893.5479,73.54,81.72,0.0003373,0,0.00013439,2.2076e-06,3.457
6815,7893.548,73.52,81.73,0.000337,0,0.00013338,2.2073e-06,3.452
6816,7893.548,73.5,81.74,0.0003289,0,0.00013424,2.2124e-06,3.449
6817,7893.5481,73.48,81.75,0.0003338,0,0.00012968,2.203e-06,3.443
6818,7893.5482,73.45,81.77,0.0003315,0,0.00012856,2.2038e-06,3.437
6819,7893.5482,73.43,81.78,0.0003295,0,0.0001272,2.2035e-06,3.432
6820,7893.5483,73.41,81.79,0.0003243,0,0.00012722,2.2054e-06,3.429
6821,7893.5484,73.39,81.8,0.000325,0,0.00012265,2.1973e-06,3.423
6822,7893.5579,70.44,83.38,0.000275,0,0.00012337,2.5373e-06,2.94
6823,7893.558,70.42,83.39,0.0002752,0,0.00012659,2.549e-06,2.939
6824,7893.558,70.4,83.4,0.0002793,0,0.00012946,2.5587e-06,2.936
6825,7893.5581,70.38,83.41,0.000268,0,0.00013191,2.5683e-06,2.934
6826,7893.5582,70.36,83.42,0.0002729,0,0.00013201,2.5714e-06,2.932
6827,7893.5582,70.33,83.43,0.0002738,0,0.00013149,2.5726e-06,2.927
6828,7893.5583,70.31,83.45,0.0002767,0,0.00013459,2.5824e-06,2.925
6829,7893.5584,70.29,83.46,0.0002746,0,0.00013471,2.5847e-06,2.923
6830,7893.5585,70.27,83.47,0.0002721,0,0.00013656,2.5919e-06,2.92
6831,7893.5585,70.25,83.48,0.0002686,0,0.00013616,2.5933e-06,2.917
6832,7893.5711,66.35,85.57,0.0002588,0,0.00015244,3.0863e-06,2.471
6833,7893.5711,66.32,85.59,0.0002585,0,0.00015183,3.087e-06,2.468
6834,7893.5712,66.3,85.6,0.0002568,0,0.00015168,3.0892e-06,2.466
6835,7893.5713,66.28,85.61,0.0002579,0,0.00015268,3.0947e-06,2.464
6836,7893.5713,66.26,85.62,0.000251,0,0.00015366,3.0996e-06,2.462
6837,7893.5714,66.23,85.64,0.0002545,0,0.00014824,3.0858e-06,2.459
6838,7893.5715,66.21,85.65,0.0002671,0,0.00014066,3.0613e-06,2.456
6839,7893.5716,66.19,85.66,0.0002587,0,0.00013547,3.0456e-06,2.453
6840,7893.5716,66.17,85.67,0.0002567,0,0.00013638,3.049e-06,2.451
6841,7893.5717,66.14,85.68,0.0002592,0,0.00013901,3.0624e-06,2.449
6842,7893.5812,63.18,87.3,0.0002325,0,0.00012679,3.3372e-06,2.199
6843,7893.5813,63.16,87.31,0.0002349,0,0.00012583,3.3358e-06,2.197
6844,7893.5814,63.13,87.32,0.0002427,0,0.00012882,3.3467e-06,2.196
6845,7893.5814,63.11,87.33,0.0002481,0,0.00013124,3.3573e-06,2.194
6846,7893.5815,63.09,87.35,0.0002453,0,0.00013402,3.3695e-06,2.193
6847,7893.5816,63.06,87.36,0.0002444,0,0.00013174,3.3649e-06,2.191
6848,7893.5816,63.04,87.37,0.0002497,0,0.00013071,3.3628e-06,2.189
6849,7893.5817,63.02,87.38,0.0002456,0,0.00012404,3.3434e-06,2.187
6850,7893.5818,63,87.4,0.0002386,0,0.00012896,3.3624e-06,2.186
6851,7893.5819,62.97,87.41,0.0002426,0,0.00013243,3.3784e-06,2.184
6852,7893.5932,59.44,89.38,0.0002308,0,0.00011425,3.6845e-06,1.954
6853,7893.5933,59.41,89.39,0.0002301,0,0.00011645,3.6909e-06,1.953
6854,7893.5933,59.39,89.41,0.0002309,0,0.00011646,3.6939e-06,1.952
6855,7893.5934,59.37,89.42,0.0002273,0,0.00011603,3.6945e-06,1.951
6856,7893.5935,59.35,89.43,0.0002238,0,0.00011837,3.7033e-06,1.95
6857,7893.5936,59.32,89.44,0.0002315,0,0.00011841,3.7069e-06,1.948
6858,7893.5936,59.3,89.46,0.0002288,0,0.00011925,3.7112e-06,1.947
6859,7893.5937,59.28,89.47,0.0002325,0,0.0001182,3.7102e-06,1.946
6860,7893.5938,59.26,89.48,0.0002251,0,0.00011856,3.7116e-06,1.945
6861,7893.5938,59.23,89.5,0.0002274,0,0.00011695,3.7099e-06,1.943
6862,7893.6033,56.27,91.2,0.0002176,0,0.00013705,4.0786e-06,1.793
6863,7893.6034,56.25,91.22,0.0002244,0,0.00013292,4.0629e-06,1.792
6864,7893.6035,56.22,91.23,0.0002224,0,0.0001286,4.049e-06,1.79
6865,7893.6035,56.2,91.24,0.000219,0,0.00012539,4.0384e-06,1.789
6866,7893.6036,56.18,91.26,0.0002184,0,0.00012309,4.0324e-06,1.788
6867,7893.6037,56.16,91.27,0.0002394,2,0.00012498,4.04e-06,1.787
6868,7893.6038,56.13,91.28,0.0002533,2,0.00012995,4.065e-06,1.786
6869,7893.6038,56.11,91.3,0.0002613,2,0.00013485,4.0983e-06,1.786
6870,7893.6039,56.09,91.31,0.0003655,2,0.00012936,4.1091e-06,1.784
6871,7893.604,56.06,91.32,0.0002909,2,0.0001336,4.0989e-06,1.783
6872,7893.6142,52.89,93.23,0.001785,2,0.00012951,9.4034e-06,1.652
6873,7893.6218,50.5,94.73,0.0002375,2,0.000123,4.5676e-06,1.567
6874,7893.6219,50.48,94.75,0.0002223,2,0.00011959,4.5558e-06,1.566
6875,7893.6219,50.46,94.76,0.0002237,0,0.00011873,4.554e-06,1.566
6876,7893.622,50.44,94.78,0.000228,0,0.00011761,4.5512e-06,1.565
6877,7893.6221,50.41,94.79,0.0002293,0,0.00011343,4.5407e-06,1.564
6878,7893.6222,50.39,94.8,0.000227,0,0.00011133,4.5401e-06,1.563
6879,7893.6222,50.37,94.82,0.0002317,0,0.00011384,4.5467e-06,1.563
6880,7893.6223,50.35,94.83,0.0002254,0,0.00011485,4.554e-06,1.562
6881,7893.6224,50.32,94.85,0.0002254,0,0.00011353,4.5529e-06,1.561
6882,7893.6224,50.3,94.86,0.0002289,0,0.00011483,4.5563e-06,1.56
6883,7893.6319,47.36,96.82,0.0002862,2,0.00013704,4.9166e-06,1.473
6884,7893.632,47.33,96.84,0.0003685,2,0.00013714,4.9335e-06,1.472
6885,7893.6321,47.31,96.85,0.0002846,2,0.00014568,5.0053e-06,1.472
6886,7893.6321,47.29,96.87,0.0003802,2,0.00014158,5.1413e-06,1.471
6887,7893.6322,47.27,96.88,0.0005498,2,0.00013931,5.5554e-06,1.47
6888,7893.6323,47.24,96.9,0.000532,2,0.00013336,5.8751e-06,1.469
6889,7893.6324,47.22,96.91,0.0006187,2,0.00013868,6.7111e-06,1.469
6890,7893.6324,47.2,96.93,0.0004148,2,0.00014127,5.5036e-06,1.469
6891,7893.6325,47.17,96.95,0.0005085,2,0.0001421,5.1367e-06,1.468
6892,7893.6326,47.15,96.96,0.0002599,2,0.00013233,4.9876e-06,1.467
6893,7893.6433,43.82,99.35,0.0008669,2,0.00013361,5.3599e-06,1.383
6894,7893.6526,40.98,101.59,0.0002586,2,0.00014124,5.45e-06,1.323
6895,7893.6527,40.95,101.61,0.0002377,2,0.00014118,5.454e-06,1.322
6896,7893.6527,40.94,101.62,0.0002155,2,0.00014258,5.4794e-06,1.322
6897,7893.6636,37.63,104.51,0.0002307,0,0.00013004,5.639e-06,1.261
6898,7893.6637,37.61,104.53,0.000236,0,0.00012878,5.6306e-06,1.261
6899,7893.6637,37.58,104.55,0.0002381,0,0.00012555,5.6221e-06,1.26
6900,7893.6638,37.56,104.57,0.0002271,0,0.00012294,5.6144e-06,1.26
6901,7893.6639,37.54,104.59,0.0002378,0,0.00011837,5.5999e-06,1.259
6902,7893.664,37.52,104.61,0.0002278,0,0.00011616,5.5966e-06,1.259
6903,7893.664,37.49,104.63,0.0002309,0,0.0001184,5.6009e-06,1.259
6904,7893.6641,37.47,104.65,0.0002362,0,0.00011765,5.6029e-06,1.258
6905,7893.6642,37.45,104.67,0.0002293,2,0.00011797,5.6069e-06,1.258
6906,7893.6643,37.43,104.69,0.0002332,2,0.00011717,5.6063e-06,1.258
6907,7893.6737,34.58,107.52,0.0002348,0,0.00010854,5.7848e-06,1.213
6908,7893.6738,34.56,107.54,0.0002334,0,0.00010779,5.786e-06,1.213
6909,7893.6739,34.54,107.57,0.0002279,0,0.00010743,5.7882e-06,1.213
6910,7893.674,34.52,107.59,0.0002177,0,0.000107,5.7963e-06,1.212
6911,7893.674,34.5,107.61,0.0002321,0,0.00010788,5.7971e-06,1.212
6912,7893.6741,34.48,107.63,0.0002318,0,0.00010689,5.8021e-06,1.212
6913,7893.6742,34.45,107.66,0.0002293,0,0.00010685,5.8039e-06,1.211
6914,7893.6742,34.43,107.68,0.0002329,0,0.00010613,5.8015e-06,1.211
6915,7893.6743,34.41,107.7,0.0002369,0,0.00010633,5.8115e-06,1.211
6916,7893.6744,34.39,107.72,0.0002299,0,0.00010525,5.8103e-06,1.21
6917,7893.6868,30.75,112,0.0002342,0,0.0001088,6.0321e-06,1.163
6918,7893.6868,30.73,112.03,0.0002339,0,0.00010844,6.032e-06,1.162
6919,7893.6869,30.71,112.06,0.000235,0,0.00010686,6.0335e-06,1.162
6920,7893.687,30.68,112.09,0.0002383,0,0.00010759,6.0298e-06,1.162
6921,7893.6871,30.66,112.11,0.0002281,0,0.00010953,6.035e-06,1.162
6922,7893.6871,30.64,112.14,0.0002338,0,0.00010963,6.0362e-06,1.161
6923,7893.6872,30.62,112.17,0.0002369,0,0.00011133,6.038e-06,1.161
6924,7893.6873,30.6,112.19,0.0002355,0,0.00011262,6.0395e-06,1.161
6925,7893.6873,30.58,112.22,0.00023,0,0.00011207,6.043e-06,1.161
6926,7893.6874,30.56,112.25,0.0002298,0,0.00011394,6.0449e-06,1.16
6927,7893.6969,27.87,116.1,0.0002332,0,0.00011031,6.1991e-06,1.13
6928,7893.6969,27.85,116.14,0.0002365,0,0.00011115,6.1997e-06,1.13
6929,7893.697,27.83,116.17,0.0002329,0,0.00011136,6.1971e-06,1.13
6930,7893.6971,27.81,116.2,0.0002271,0,0.00011033,6.1991e-06,1.13
6931,7893.6972,27.79,116.23,0.0002305,0,0.0001104,6.1995e-06,1.13
6932,7893.6972,27.77,116.26,0.0002351,0,0.00010989,6.2034e-06,1.129
6933,7893.6973,27.75,116.29,0.0002332,0,0.00010942,6.2049e-06,1.129
6934,7893.6974,27.73,116.33,0.0002325,0,0.00011072,6.209e-06,1.129
6935,7893.6974,27.71,116.36,0.0002393,0,0.00010964,6.2136e-06,1.129
6936,7893.6975,27.69,116.39,0.0002434,0,0.00010947,6.2095e-06,1.129
6937,7893.7086,24.65,121.82,0.0002412,0,0.00012588,6.3883e-06,1.1
6938,7893.7087,24.63,121.86,0.0002517,0,0.0001273,6.3946e-06,1.1
6939,7893.7088,24.61,121.9,0.0002501,0,0.00012865,6.4066e-06,1.099
6940,7893.7088,24.59,121.93,0.0002487,0,0.00013038,6.4166e-06,1.099
6941,7893.7089,24.58,121.97,0.0002527,0,0.00012921,6.4129e-06,1.099
6942,7893.709,24.56,122.01,0.0002472,0,0.00012798,6.4096e-06,1.099
6943,7893.709,24.54,122.05,0.0002435,0,0.00012751,6.4064e-06,1.099
6944,7893.7091,24.52,122.09,0.0002422,0,0.00013024,6.4175e-06,1.099
6945,7893.7092,24.5,122.13,0.0002471,0,0.00012953,6.416e-06,1.098
6946,7893.7093,24.48,122.17,0.0002412,0,0.00012972,6.4212e-06,1.098
6947,7893.7187,22.06,127.8,0.0005336,2,0.00013696,7.046e-06,1.079
6948,7893.7291,19.64,135.3,0.000244,0,0.00014066,6.684e-06,1.061
6949,7893.7291,19.62,135.35,0.0002421,0,0.00013873,6.6745e-06,1.061
6950,7893.7292,19.6,135.41,0.0002417,0,0.00013811,6.672e-06,1.061
6951,7893.7293,19.59,135.47,0.0002366,0,0.00013662,6.663e-06,1.061
6952,7893.7294,19.57,135.53,0.0002349,2,0.00013821,6.6737e-06,1.061
6953,7893.7294,19.56,135.58,0.0002714,2,0.00013317,6.6392e-06,1.061
6954,7893.7295,19.54,135.64,0.0002409,2,0.0001404,6.6921e-06,1.061
6955,7893.7296,19.53,135.7,0.0002476,2,0.0001375,6.6638e-06,1.061
6956,7893.7296,19.51,135.76,0.0002405,2,0.00013868,6.6765e-06,1.061
6957,7893.7297,19.5,135.82,0.0002498,2,0.00014098,6.6892e-06,1.061
6958,7893.7392,17.6,144.26,0.0002301,0,0.00013588,6.7291e-06,1.049
6959,7893.7392,17.59,144.33,0.0002404,0,0.00013562,6.7288e-06,1.049
6960,7893.7393,17.57,144.4,0.0002411,0,0.00013446,6.7252e-06,1.049
