summer2023/data/traceraq-Pandora25-NO2_UH_20210801_R1_thru20210930.ict
49, 1001
Hanisco, Tom
NASA Goddard Space Flight Center
Pandora Spectrometer System
TRACER-AQ - TRacking Aerosol Convection ExpeRiment – Air Quality
1,1
2021, 08, 01, 2021, 09, 30
1
Index_number, number, Index_for_measurements
8
1,1,1,1,1,1,1,1
-9999,-9999,-9999,-9999,-9999,-9999,-9999,-9999
Datetime, fractional_day, UTC_date_time_for_measurement_center, fractional day since 00:00:00 UTC on 01-January-2000
Solar_zenith, degrees, measurement_solar_zenith_angle, Solar zenith angle
Solar_azimuth, degrees, measurement_solar_azimuth_angle_in_deg
Normalized_rms, unitless, normalized_root_mean_squared, Normalized rms of fitting residuals
Data_quality_flag, unitless, data_quality_flags_for_filtering, L2 data quality flag for nitrogen dioxide
NO2_total_vertical_column, moles per square meter, total_column_NO2_in_moles_per_square_meter, Nitrogen dioxide total vertical column amount
Uncertainty_NO2_vertical_column, moles per square meter, uncertainty_total_column_NO2_in_moles_per_square_meter, total uncertainty of nitrogen dioxide total vertical column amount
Direct_sun_air_mass_factor, unitless, geometric_air_mass_factor, Direct nitrogen dioxide air mass factor
0
27
PI_CONTACT_INFO: thomas.hanisco@nasa.gov
PLATFORM: Pandora Spectrometer System
LOCATION: University Of Houston, Houston(TX), Lat: 29.7200 Lon: -95.3400
ASSOCIATED_DATA: N/A
INSTRUMENT_INFO: Pandora 25. Direct sun/moon retrievals
DATA_INFO: N/A
UNCERTAINTY: Uncertainty given as separate variable
ULOD_FLAG: -777777777
ULOD_VALUE: N/A
LLOD_FLAG: -888888888
LLOD_VALUE: N/A
DM_CONTACT_INFO: Alexander Kotsakis, alexander.e.kotsakis@nasa.gov
PROJECT_INFO: TRACER-AQ - TRacking Aerosol Convection ExpeRiment – Air Quality, September 2021
STIPULATIONS_ON_USE: The public domain data you have downloaded are contributed by the NASA Goddard Space Flight Center Pandora Project, PI Thomas Hanisco. Central data processing with common algorithms is conducted under the direction of the NASA-ESA Pandonia Global Network
OTHER_COMMENTS: Lunar data may be included in this file, but no lunar viewing geometries are given. Lunar data may not be quality controlled. Lunar viewing geometries available upon request
Data quality flags may be given. Data quality flags correspond to:
0 = final/assured high quality
1 = final/assured medium quality
2 = final/assured low quality
10 = preliminary/not assured high quality
11 = preliminary/not assured medium quality
12 = preliminary/not assured low quality
It is recommended to only use data of high quality (0 and 10), however data of medium quality (1 and 11) are acceptable for use.To perform filtering without using data quality flags, only use data with NO2 uncertainty < 0.1 and Normalized rms < 0.01
RMS is the dimensionless spectral fitting residual. Normalized RMS includes algorithmic error
REVISION: R1
R1: Bug fixed with data quality flags
Index_number, Datetime, Solar_zenith, Solar_azimuth, Normalized_rms, Data_quality_flag, NO2_total_vertical_column, Uncertainty_NO2_vertical_column, Direct_sun_air_mass_factor
[from data line 13602]
13603,7917.827,31.24,227.5,0.0002468,0,0.0001203,5.9986e-06,1.169
13604,7917.8381,33.93,232.98,0.0002521,0,0.00013501,5.8516e-06,1.204
13605,7917.8382,33.95,233.02,0.0002371,0,0.00013567,5.8511e-06,1.204
13606,7917.8383,33.97,233.05,0.0002359,0,0.00013296,5.8394e-06,1.205
13607,7917.8384,33.99,233.08,0.0002435,0,0.00013572,5.846e-06,1.205
13608,7917.8384,34,233.12,0.0002446,0,0.00013471,5.8416e-06,1.205
13609,7917.8385,34.02,233.15,0.0002456,0,0.00013326,5.84e-06,1.205
13610,7917.8386,34.04,233.18,0.0002528,0,0.00013464,5.8389e-06,1.206
13611,7917.8386,34.06,233.22,0.0002463,0,0.00013819,5.8505e-06,1.206
13612,7917.8387,34.08,233.25,0.0002477,0,0.00013771,5.8493e-06,1.206
13613,7917.8388,34.1,233.28,0.0002505,0,0.0001369,5.8468e-06,1.206
13614,7917.8484,36.58,237.42,0.0008828,2,0.00016786,7.6616e-06,1.244
13615,7917.8595,39.58,241.65,0.0006385,2,0.00011332,5.3699e-06,1.295
13616,7917.8596,39.6,241.67,0.001414,2,9.0619e-05,5.4501e-06,1.295
13617,7917.8597,39.62,241.7,0.0008772,2,0.00010747,5.4067e-06,1.296
13618,7917.8598,39.64,241.72,0.0003074,2,0.00013252,5.4535e-06,1.297
13619,7917.8598,39.66,241.75,0.0002444,2,0.0001266,5.4152e-06,1.297
13620,7917.8599,39.68,241.77,0.0002095,2,0.00012739,5.4202e-06,1.297
13621,7917.86,39.69,241.79,0.0003155,2,0.00013429,5.4709e-06,1.298
13622,7917.8694,42.33,245,0.0002211,0,0.00013742,5.2372e-06,1.35
13623,7917.8695,42.35,245.02,0.0002254,0,0.00013921,5.2408e-06,1.351
13624,7917.8695,42.37,245.04,0.0002264,0,0.00013875,5.2368e-06,1.351
13625,7917.8696,42.39,245.07,0.0002337,0,0.00013943,5.2383e-06,1.352
13626,7917.8697,42.41,245.09,0.0002409,0,0.00013851,5.2358e-06,1.352
13627,7917.8698,42.44,245.11,0.0002351,2,0.00013674,5.2307e-06,1.353
13628,7917.8698,42.46,245.14,0.0004139,2,0.00014842,5.2856e-06,1.353
13629,7917.8699,42.48,245.16,0.0004464,2,0.00014588,5.2815e-06,1.354
13630,7917.87,42.5,245.18,0.0003006,2,0.00013958,5.2512e-06,1.354
13631,7917.87,42.52,245.21,0.0002916,2,0.00013886,5.2816e-06,1.354
13632,7917.8817,45.86,248.73,0.0002442,0,0.00014407,4.9643e-06,1.433
13633,7917.8817,45.88,248.76,0.0002331,0,0.00014523,4.9674e-06,1.433
13634,7917.8818,45.9,248.78,0.000237,0,0.00014232,4.953e-06,1.434
13635,7917.8819,45.93,248.8,0.0002305,0,0.00014184,4.9526e-06,1.434
13636,7917.8819,45.95,248.82,0.0002352,0,0.00014562,4.9635e-06,1.435
13637,7917.882,45.97,248.84,0.0002277,0,0.00014396,4.9563e-06,1.436
13638,7917.8821,45.99,248.86,0.0002366,0,0.00014267,4.9494e-06,1.436
13639,7917.8822,46.01,248.88,0.0002271,0,0.00014608,4.9568e-06,1.437
13640,7917.8822,46.03,248.9,0.0002366,0,0.00014652,4.9561e-06,1.437
13641,7917.8823,46.05,248.92,0.0002253,0,0.00014315,4.9455e-06,1.438
13642,7917.8918,48.84,251.53,0.0002449,0,0.0001459,4.7081e-06,1.515
13643,7917.8919,48.86,251.55,0.0002509,0,0.00014513,4.7044e-06,1.516
13644,7917.8919,48.89,251.57,0.0002579,0,0.00014364,4.697e-06,1.517
13645,7917.892,48.91,251.59,0.0002544,0,0.00014361,4.693e-06,1.517
13646,7917.8921,48.93,251.61,0.0002481,0,0.00014593,4.6947e-06,1.518
13647,7917.8921,48.95,251.63,0.000244,0,0.00014607,4.6977e-06,1.519
13648,7917.8922,48.97,251.65,0.0002438,0,0.00014618,4.6974e-06,1.519
13649,7917.8923,48.99,251.67,0.0002417,0,0.00014493,4.6922e-06,1.52
13650,7917.8924,49.02,251.68,0.00024,0,0.00014247,4.6832e-06,1.521
13651,7917.8924,49.04,251.7,0.0002449,0,0.00014517,4.6877e-06,1.521
13652,7917.9037,52.41,254.55,0.0002598,0,0.00013827,4.3602e-06,1.633
13653,7917.9038,52.43,254.57,0.0002569,0,0.000141,4.3633e-06,1.634
13654,7917.9039,52.46,254.58,0.0002585,0,0.00013835,4.3595e-06,1.635
13655,7917.9039,52.48,254.6,0.0002546,0,0.0001395,4.3574e-06,1.636
13656,7917.904,52.5,254.62,0.0002616,0,0.00013777,4.3536e-06,1.637
13657,7917.9041,52.52,254.64,0.0002456,0,0.00014099,4.3577e-06,1.637
13658,7917.9042,52.55,254.66,0.0002603,0,0.00014296,4.3558e-06,1.639
13659,7917.9042,52.57,254.67,0.0002523,0,0.00014396,4.3568e-06,1.639
13660,7917.9043,52.59,254.69,0.0002553,0,0.00014532,4.3572e-06,1.64
13661,7917.9044,52.61,254.71,0.0002576,0,0.00014339,4.351e-06,1.641
13662,7917.9138,55.49,256.92,0.0002587,0,0.00013641,4.0694e-06,1.757
13663,7917.9139,55.51,256.94,0.0002494,0,0.00013795,4.0658e-06,1.758
13664,7917.914,55.53,256.96,0.0002548,0,0.00013713,4.0639e-06,1.759
13665,7917.9141,55.55,256.97,0.000253,0,0.00013798,4.0616e-06,1.759
13666,7917.9141,55.58,256.99,0.0002603,0,0.00013975,4.0615e-06,1.761
13667,7917.9142,55.6,257.01,0.0002518,0,0.00014049,4.0604e-06,1.762
13668,7917.9143,55.62,257.02,0.0002602,0,0.00014033,4.0609e-06,1.763
13669,7917.9144,55.64,257.04,0.0002655,0,0.00013977,4.0607e-06,1.764
13670,7917.9144,55.67,257.06,0.0002562,0,0.00013703,4.0505e-06,1.765
13671,7917.9145,55.69,257.07,0.0002521,0,0.00013711,4.0477e-06,1.766
13672,7917.9232,58.35,258.99,0.0007937,2,0.00016472,4.6575e-06,1.896
13673,7917.9333,61.46,261.1,0.0006479,2,0.00014267,3.5263e-06,2.078
13674,7917.9447,64.99,263.37,0.001632,2,0.00012816,3.0891e-06,2.34
13675,7917.9546,68.09,265.28,0.001815,2,0.00017478,4.2579e-06,2.649
13676,7917.9656,71.52,267.32,0.0005697,2,0.00015114,2.6569e-06,3.097
13677,7917.9872,78.27,271.2,0.0009586,2,0.00016416,2.007e-06,4.715
13678,7917.9975,81.48,273,0.0009727,2,0.00016471,1.2248e-06,6.263
13679,7917.9978,81.58,273.06,0.0009738,2,0.0001683,1.2231e-06,6.335
13680,7918.5408,78.33,89.01,0.0005026,0,7.6582e-05,1.5764e-06,4.654
13681,7918.5409,78.31,89.02,0.0005049,0,7.8286e-05,1.5755e-06,4.652
13682,7918.541,78.29,89.04,0.0005096,0,7.8383e-05,1.5757e-06,4.645
13683,7918.541,78.26,89.05,0.0005004,0,7.8281e-05,1.5812e-06,4.635
13684,7918.5411,78.24,89.06,0.0005065,0,7.7948e-05,1.5867e-06,4.627
13685,7918.5412,78.22,89.07,0.0005017,0,7.7426e-05,1.5893e-06,4.618
13686,7918.5412,78.2,89.09,0.000507,0,7.8225e-05,1.5897e-06,4.614
13687,7918.5413,78.17,89.1,0.000501,0,7.8975e-05,1.5924e-06,4.606
13688,7918.5414,78.15,89.11,0.000509,0,7.9905e-05,1.5936e-06,4.601
13689,7918.5415,78.13,89.13,0.0004891,0,8.0105e-05,1.5965e-06,4.595
13690,7918.5511,75.13,90.84,0.00038,0,7.896e-05,1.9764e-06,3.753
13691,7918.5511,75.11,90.86,0.0003747,0,7.9306e-05,1.9759e-06,3.749
13692,7918.5512,75.08,90.87,0.0003833,0,7.7241e-05,1.9843e-06,3.739
13693,7918.5513,75.06,90.88,0.000378,0,7.7649e-05,1.9867e-06,3.735
13694,7918.5514,75.04,90.9,0.0003861,0,7.8395e-05,1.9874e-06,3.732
13695,7918.5514,75.01,90.91,0.0003924,0,7.8594e-05,1.9908e-06,3.725
13696,7918.5515,74.99,90.92,0.0003795,0,7.9489e-05,1.9897e-06,3.722
13697,7918.5516,74.97,90.93,0.0003749,0,7.8656e-05,1.9941e-06,3.716
13698,7918.5516,74.95,90.95,0.0003778,0,7.8849e-05,1.9998e-06,3.712
13699,7918.5517,74.92,90.96,0.0003754,0,7.8892e-05,2.0027e-06,3.706
13700,7918.5634,71.28,93.09,0.0003018,0,7.5487e-05,2.4513e-06,3.039
13701,7918.5635,71.26,93.1,0.0003082,0,7.5891e-05,2.447e-06,3.037
13702,7918.5635,71.23,93.11,0.0002953,0,7.4906e-05,2.459e-06,3.031
13703,7918.5636,71.21,93.13,0.0002943,0,7.4063e-05,2.4686e-06,3.028
13704,7918.5637,71.19,93.14,0.0002944,0,7.6325e-05,2.4542e-06,3.027
13705,7918.5637,71.17,93.15,0.0002972,0,7.621e-05,2.4601e-06,3.024
13706,7918.5638,71.14,93.17,0.0003055,0,7.7218e-05,2.4535e-06,3.02
13707,7918.5639,71.12,93.18,0.0003038,0,7.6601e-05,2.4603e-06,3.017
13708,7918.564,71.1,93.2,0.00031,0,7.6388e-05,2.4653e-06,3.014
13709,7918.564,71.07,93.21,0.0003041,0,7.7104e-05,2.4641e-06,3.01
13710,7918.5736,68.1,94.99,0.0002638,0,7.9866e-05,2.7869e-06,2.635
13711,7918.5737,68.08,95.01,0.0002693,0,8.0278e-05,2.7871e-06,2.633
13712,7918.5737,68.06,95.02,0.0002631,0,7.9749e-05,2.7919e-06,2.631
13713,7918.5738,68.03,95.04,0.0002651,0,7.8997e-05,2.7989e-06,2.627
13714,7918.5739,68.01,95.05,0.0002656,0,7.9977e-05,2.7958e-06,2.626
13715,7918.5739,67.99,95.06,0.0002713,0,8.0719e-05,2.7923e-06,2.624
13716,7918.574,67.97,95.08,0.0002718,0,7.9704e-05,2.801e-06,2.621
13717,7918.5741,67.94,95.09,0.0002724,0,7.9122e-05,2.8075e-06,2.618
13718,7918.5742,67.92,95.1,0.0002696,0,7.9541e-05,2.8101e-06,2.616
13719,7918.5742,67.9,95.12,0.0002642,0,7.9203e-05,2.8117e-06,2.613
13720,7918.5868,63.98,97.57,0.0002299,2,8.339e-05,3.2159e-06,2.254
13721,7918.5869,63.96,97.58,0.0002423,2,8.5601e-05,3.2083e-06,2.253
13722,7918.587,63.94,97.6,0.000265,2,8.8756e-05,3.25e-06,2.252
13723,7918.5871,63.91,97.61,0.0002981,2,8.6926e-05,3.2263e-06,2.249
13724,7918.5871,63.89,97.63,0.0002705,2,8.6717e-05,3.2085e-06,2.247
13725,7918.5872,63.87,97.64,0.0002609,2,8.7733e-05,3.2106e-06,2.246
13726,7918.5873,63.85,97.66,0.0002228,2,8.8959e-05,3.2201e-06,2.245
13727,7918.5873,63.82,97.67,0.0002331,2,8.8759e-05,3.2179e-06,2.242
13728,7918.5874,63.8,97.69,0.0002593,2,8.9863e-05,3.2112e-06,2.241
13729,7918.5875,63.78,97.7,0.0004272,2,8.5786e-05,3.2659e-06,2.239
13730,7918.5969,60.88,99.61,0.0002303,0,8.6378e-05,3.5295e-06,2.037
13731,7918.5969,60.86,99.62,0.0002341,0,8.7811e-05,3.5267e-06,2.036
13732,7918.597,60.84,99.64,0.0002248,0,8.9065e-05,3.5247e-06,2.035
13733,7918.5971,60.82,99.65,0.0002268,0,9.138e-05,3.5191e-06,2.034
13734,7918.5972,60.79,99.67,0.0002271,0,9.36e-05,3.5199e-06,2.033
13735,7918.5972,60.77,99.68,0.0002296,0,9.4951e-05,3.5223e-06,2.032
13736,7918.5973,60.75,99.7,0.0002359,0,9.5495e-05,3.522e-06,2.031
13737,7918.5974,60.73,99.71,0.000234,2,9.5866e-05,3.5234e-06,2.029
13738,7918.5974,60.71,99.73,0.0002451,2,9.6416e-05,3.5235e-06,2.028
13739,7918.5975,60.68,99.74,0.0002439,2,9.7495e-05,3.5276e-06,2.026
13740,7918.608,57.47,101.98,0.0006326,2,8.3538e-05,3.9948e-06,1.847
13741,7918.617,54.74,104.02,0.0006782,2,9.2229e-05,5.5947e-06,1.723
13742,7918.6267,51.79,106.36,0.001053,2,0.00011394,6.5529e-06,1.611
13743,7918.6378,48.5,109.22,0.0002306,0,0.00010027,4.6973e-06,1.504
13744,7918.6379,48.48,109.24,0.0002351,0,0.00010055,4.702e-06,1.504
13745,7918.6379,48.46,109.26,0.0002346,0,0.00010161,4.6997e-06,1.503
13746,7918.638,48.44,109.28,0.0002362,0,0.00010079,4.7053e-06,1.503
13747,7918.6381,48.42,109.3,0.0002329,0,0.0001014,4.7053e-06,1.502
13748,7918.6381,48.39,109.32,0.0002275,0,0.00010221,4.711e-06,1.501
13749,7918.6382,48.37,109.34,0.0002274,0,0.00010243,4.7123e-06,1.501
13750,7918.6383,48.35,109.36,0.0002249,0,9.9334e-05,4.7122e-06,1.5
13751,7918.6384,48.33,109.38,0.0002228,0,0.00010081,4.7144e-06,1.499
13752,7918.6384,48.31,109.4,0.0002294,0,0.00010125,4.718e-06,1.499
13753,7918.6479,45.54,112.08,0.0002224,0,9.8748e-05,4.9506e-06,1.424
13754,7918.648,45.52,112.1,0.0002202,0,9.7265e-05,4.9607e-06,1.423
13755,7918.6481,45.5,112.12,0.0002297,0,9.9817e-05,4.9568e-06,1.423
13756,7918.6481,45.48,112.14,0.0002187,0,0.00010072,4.9569e-06,1.423
13757,7918.6482,45.45,112.16,0.0002321,0,9.7552e-05,4.96e-06,1.422
13758,7918.6483,45.43,112.19,0.0002294,0,9.7267e-05,4.9643e-06,1.421
13759,7918.6484,45.41,112.21,0.0002323,0,0.00010061,4.9627e-06,1.421
13760,7918.6484,45.39,112.23,0.0002324,0,0.00010184,4.9639e-06,1.42
13761,7918.6485,45.37,112.25,0.0002433,0,0.00010285,4.9667e-06,1.42
13762,7918.6486,45.35,112.27,0.0002344,0,0.00010525,4.9644e-06,1.419
13763,7918.6594,42.25,115.66,0.0002332,2,0.00010676,5.2192e-06,1.348
13764,7918.6595,42.23,115.68,0.0002401,0,0.00010753,5.2197e-06,1.348
13765,7918.6596,42.2,115.7,0.0002668,2,0.00010485,5.2126e-06,1.347
13766,7918.6597,42.18,115.73,0.0002398,2,0.00010757,5.2288e-06,1.347
13767,7918.6597,42.16,115.75,0.0002701,2,0.00010331,5.2159e-06,1.346
13768,7918.6598,42.14,115.78,0.0002564,2,0.00010896,5.2389e-06,1.346
13769,7918.6599,42.12,115.8,0.0003146,2,0.00010282,5.2337e-06,1.345
13770,7918.6599,42.1,115.82,0.0004103,2,0.00010429,5.2899e-06,1.345
13771,7918.66,42.08,115.85,0.0002627,2,0.00010562,5.2424e-06,1.345
13772,7918.6601,42.06,115.87,0.0002517,2,0.00010423,5.2364e-06,1.344
13773,7918.6695,39.46,119.12,0.000221,0,0.00010454,5.4275e-06,1.293
13774,7918.6695,39.44,119.15,0.0002252,0,0.00010427,5.4356e-06,1.293
13775,7918.6696,39.42,119.17,0.0002252,0,0.00010554,5.4352e-06,1.292
13776,7918.6697,39.4,119.2,0.0002382,0,0.00010381,5.4409e-06,1.292
13777,7918.6698,39.38,119.22,0.0002301,0,0.00010455,5.4366e-06,1.292
13778,7918.6698,39.36,119.25,0.0002335,0,0.00010544,5.4356e-06,1.291
13779,7918.6699,39.35,119.28,0.0002276,0,0.00010343,5.4425e-06,1.291
13780,7918.67,39.33,119.3,0.0002257,0,0.00010589,5.4431e-06,1.291
13781,7918.67,39.31,119.33,0.0002261,1,0.00010608,5.4452e-06,1.29
13782,7918.6701,39.29,119.36,0.0002216,2,0.00010009,5.4529e-06,1.29
13783,7918.682,36.12,124.02,0.0007035,2,9.3876e-05,5.7021e-06,1.236
13784,7918.6915,33.73,128.22,0.0002265,0,9.8031e-05,5.8583e-06,1.201
13785,7918.6916,33.71,128.25,0.0002279,0,9.7786e-05,5.8612e-06,1.201
13786,7918.6916,33.69,128.29,0.0002281,0,9.818e-05,5.8588e-06,1.2
13787,7918.6917,33.67,128.32,0.0002332,0,9.6498e-05,5.8702e-06,1.2
13788,7918.6918,33.66,128.36,0.0002339,0,9.8476e-05,5.8637e-06,1.2
13789,7918.6919,33.64,128.39,0.0002209,0,9.7834e-05,5.8632e-06,1.2
13790,7918.6919,33.62,128.42,0.0002258,0,0.00010084,5.8493e-06,1.2
13791,7918.692,33.6,128.46,0.0002286,0,9.9047e-05,5.8591e-06,1.199
13792,7918.6921,33.59,128.49,0.00023,0,9.9695e-05,5.8531e-06,1.199
13793,7918.6921,33.57,128.53,0.0002348,0,9.9063e-05,5.8539e-06,1.199
13794,7918.7033,30.94,134.19,0.0002548,2,0.00011158,6.0412e-06,1.165
13795,7918.7128,28.93,139.64,0.0003199,2,0.00010496,6.1134e-06,1.142
13796,7918.7128,28.92,139.67,0.0002607,2,0.00011274,6.2e-06,1.142
13797,7918.7236,26.9,146.68,0.0002568,0,0.00011423,6.2398e-06,1.121
13798,7918.7237,26.89,146.73,0.0002469,0,0.00011354,6.2411e-06,1.121
13799,7918.7237,26.88,146.78,0.0002496,0,0.00011213,6.2398e-06,1.12
13800,7918.7238,26.86,146.83,0.0002535,0,0.00011122,6.2405e-06,1.12
13801,7918.7239,26.85,146.88,0.0002481,0,0.00011187,6.2411e-06,1.12
13802,7918.724,26.84,146.93,0.0002487,0,0.00011262,6.2428e-06,1.12
13803,7918.724,26.83,146.98,0.000248,0,0.00011369,6.2486e-06,1.12
13804,7918.7241,26.81,147.03,0.0002425,0,0.00011708,6.2551e-06,1.12
13805,7918.7242,26.8,147.08,0.0002369,0,0.00011575,6.2524e-06,1.12
13806,7918.7242,26.79,147.13,0.0002387,0,0.00011611,6.2557e-06,1.12
13807,7918.7337,25.34,154.1,0.0002441,0,0.00011309,6.3255e-06,1.106
13808,7918.7338,25.33,154.15,0.0002421,0,0.00011377,6.3196e-06,1.106
13809,7918.7338,25.32,154.21,0.0002487,0,0.00011231,6.3214e-06,1.106
13810,7918.7339,25.31,154.26,0.000245,0,0.00011443,6.3248e-06,1.106
13811,7918.734,25.3,154.32,0.0002359,0,0.0001147,6.3298e-06,1.106
13812,7918.7341,25.29,154.37,0.0002427,0,0.00011485,6.3315e-06,1.105
13813,7918.7341,25.28,154.43,0.0002503,0,0.00011835,6.3368e-06,1.105
13814,7918.7342,25.27,154.49,0.000241,0,0.00011976,6.3415e-06,1.105
13815,7918.7343,25.26,154.54,0.0002407,0,0.00012072,6.3473e-06,1.105
13816,7918.7344,25.25,154.6,0.0002386,0,0.00012127,6.3428e-06,1.105
13817,7918.7466,23.92,164.67,0.0002457,0,0.00011014,6.3906e-06,1.093
13818,7918.7467,23.91,164.73,0.0002468,0,0.00011123,6.3943e-06,1.093
13819,7918.7468,23.9,164.8,0.0002364,0,0.00011113,6.3965e-06,1.093
13820,7918.7469,23.9,164.86,0.0002359,0,0.0001121,6.3941e-06,1.093
13821,7918.7469,23.89,164.92,0.0002445,0,0.0001118,6.3922e-06,1.093
13822,7918.747,23.89,164.98,0.0002405,0,0.00011122,6.3986e-06,1.093
13823,7918.7471,23.88,165.05,0.000233,0,0.00011011,6.3982e-06,1.093
13824,7918.7471,23.88,165.11,0.000237,0,0.00011103,6.3962e-06,1.093
13825,7918.7472,23.87,165.17,0.0002418,0,0.00011075,6.3937e-06,1.093
13826,7918.7473,23.86,165.23,0.0002428,0,0.00011051,6.3879e-06,1.093
13827,7918.7567,23.32,173.59,0.0002353,0,0.00011599,6.4203e-06,1.088
13828,7918.7568,23.32,173.65,0.000241,0,0.00011736,6.4286e-06,1.088
13829,7918.7569,23.32,173.72,0.0002493,0,0.00011714,6.427e-06,1.088
13830,7918.757,23.32,173.78,0.0002448,0,0.00011914,6.43e-06,1.088
13831,7918.757,23.31,173.85,0.0002466,2,0.00011618,6.4237e-06,1.088
13832,7918.7571,23.31,173.91,0.0002512,0,0.00011431,6.4163e-06,1.088
13833,7918.7572,23.31,173.98,0.000246,0,0.00011261,6.4162e-06,1.088
13834,7918.7572,23.31,174.04,0.0002566,0,0.00011494,6.4154e-06,1.088
13835,7918.7573,23.3,174.11,0.0002488,0,0.00011498,6.4159e-06,1.088
13836,7918.7574,23.3,174.17,0.000251,0,0.00011425,6.4207e-06,1.088
13837,7918.7685,23.26,184.26,0.0002539,0,0.00012013,6.4317e-06,1.088
