summer2023/data/traceraq-Pandora25-NO2_UH_20210801_R1_thru20210930.ict
49, 1001
Hanisco, Tom
NASA Goddard Space Flight Center
Pandora Spectrometer System
TRACER-AQ - TRacking Aerosol Convection ExpeRiment – Air Quality
1,1
2021, 08, 01, 2021, 09, 30
1
Index_number, number, Index_for_measurements
8
1,1,1,1,1,1,1,1
-9999,-9999,-9999,-9999,-9999,-9999,-9999,-9999
Datetime, fractional_day, UTC_date_time_for_measurement_center, fractional day since 00:00:00 UTC on 01-January-2000
Solar_zenith, degrees, measurement_solar_zenith_angle, Solar zenith angle
Solar_azimuth, degrees, measurement_solar_azimuth_angle_in_deg
Normalized_rms, unitless, normalized_root_mean_squared, Normalized rms of fitting residuals
Data_quality_flag, unitless, data_quality_flags_for_filtering, L2 data quality flag for nitrogen dioxide
NO2_total_vertical_column, moles per square meter, total_column_NO2_in_moles_per_square_meter, Nitrogen dioxide total vertical column amount
Uncertainty_NO2_vertical_column, moles per square meter, uncertainty_total_column_NO2_in_moles_per_square_meter, total uncertainty of nitrogen dioxide total vertical column amount
Direct_sun_air_mass_factor, unitless, geometric_air_mass_factor, Direct nitrogen dioxide air mass factor
0
27
PI_CONTACT_INFO: thomas.hanisco@nasa.gov
PLATFORM: Pandora Spectrometer System
LOCATION: University Of Houston, Houston(TX), Lat: 29.7200 Lon: -95.3400
ASSOCIATED_DATA: N/A
INSTRUMENT_INFO: Pandora 25. Direct sun/moon retrievals
DATA_INFO: N/A
UNCERTAINTY: Uncertainty given as separate variable
ULOD_FLAG: -777777777
ULOD_VALUE: N/A
LLOD_FLAG: -888888888
LLOD_VALUE: N/A
DM_CONTACT_INFO: Alexander Kotsakis, alexander.e.kotsakis@nasa.gov
PROJECT_INFO: TRACER-AQ - TRacking Aerosol Convection ExpeRiment – Air Quality, September 2021
STIPULATIONS_ON_USE: The public domain data you have downloaded are contributed by the NASA Goddard Space Flight Center Pandora Project, PI Thomas Hanisco. Central data processing with common algorithms is conducted under the direction of the NASA-ESA Pandonia Global Network
OTHER_COMMENTS: Lunar data may be included in this file, but no lunar viewing geometries are given. Lunar data may not be quality controlled. Lunar viewing geometries available upon request
Data quality flags may be given. Data quality flags correspond to:
0 = final/assured high quality
1 = final/assured medium quality
2 = final/assured low quality
10 = preliminary/not assured high quality
11 = preliminary/not assured medium quality
12 = preliminary/not assured low quality
It is recommended to only use data of high quality (0 and 10), however data of medium quality (1 and 11) are acceptable for use.To perform filtering without using data quality flags, only use data with NO2 uncertainty < 0.1 and Normalized rms < 0.01
RMS is the dimensionless spectral fitting residual. Normalized RMS includes algorithmic error
REVISION: R1
R1: Bug fixed with data quality flags
Index_number, Datetime, Solar_zenith, Solar_azimuth, Normalized_rms, Data_quality_flag, NO2_total_vertical_column, Uncertainty_NO2_vertical_column, Direct_sun_air_mass_factor
[from data line 5284]
5285,7886.6763,33.01,105.01,0.00019,0,0.00023887,6.6212e-06,1.192
5286,7886.6764,32.99,105.03,0.0001876,0,0.00023967,6.6261e-06,1.192
5287,7886.6764,32.97,105.05,0.0001993,0,0.00023808,6.6196e-06,1.191
5288,7886.6765,32.95,105.07,0.0002191,0,0.00024443,6.6527e-06,1.191
5289,7886.6766,32.93,105.09,0.0002148,0,0.00025044,6.6836e-06,1.191
5290,7886.6767,32.91,105.12,0.0002177,0,0.00025227,6.6946e-06,1.191
5291,7886.6767,32.89,105.14,0.0002146,0,0.00025371,6.7042e-06,1.19
5292,7886.6768,32.87,105.16,0.0002274,0,0.00025476,6.7115e-06,1.19
5293,7886.6769,32.84,105.18,0.0002041,0,0.00025306,6.7062e-06,1.19
5294,7886.6769,32.82,105.2,0.0002102,0,0.000248,6.6845e-06,1.189
5295,7886.6893,29.14,109.32,0.0007033,2,0.00026846,7.0717e-06,1.144
5296,7886.6893,29.12,109.34,0.0008589,2,0.00025228,7.1289e-06,1.144
5297,7886.6987,26.38,113.04,0.0001974,0,0.00042814,7.7287e-06,1.116
5298,7886.6988,26.36,113.07,0.0001927,0,0.00043394,7.7432e-06,1.116
5299,7886.6989,26.34,113.1,0.000208,0,0.00043594,7.7502e-06,1.116
5300,7886.6989,26.32,113.13,0.0001924,0,0.00043551,7.7497e-06,1.115
5301,7886.699,26.3,113.16,0.0001994,0,0.00043468,7.7494e-06,1.115
5302,7886.6991,26.28,113.19,0.0002008,2,0.00042631,7.7338e-06,1.115
5303,7886.6992,26.26,113.22,0.0002524,2,0.00044241,7.8e-06,1.115
5304,7886.6992,26.24,113.25,0.0001983,2,0.00044796,7.7892e-06,1.115
5305,7886.6993,26.22,113.28,0.0002199,2,0.00045613,7.9353e-06,1.114
5306,7886.6994,26.2,113.31,0.000857,2,0.00046465,1.3989e-05,1.114
5307,7886.7099,23.25,118.3,0.0001957,0,0.00053636,8.1435e-06,1.088
5308,7886.7099,23.23,118.34,0.0001959,0,0.00053541,8.1429e-06,1.088
5309,7886.71,23.21,118.37,0.0001992,0,0.00054595,8.161e-06,1.088
5310,7886.7101,23.19,118.41,0.0001936,0,0.00055551,8.1759e-06,1.088
5311,7886.7101,23.17,118.45,0.0002603,2,0.000571,8.2363e-06,1.088
5312,7886.7102,23.15,118.48,0.0002013,2,0.0005883,8.2328e-06,1.087
5313,7886.7103,23.13,118.52,0.0003918,2,0.00057927,8.2647e-06,1.087
5314,7886.7104,23.11,118.56,0.0002127,2,0.00057208,8.2245e-06,1.087
5315,7886.7104,23.09,118.6,0.0002408,2,0.00053478,8.1887e-06,1.087
5316,7886.7105,23.07,118.63,0.0002248,2,0.00052111,8.1441e-06,1.087
5317,7886.7198,20.59,124.07,0.0002279,2,0.00038495,8.0025e-06,1.068
5318,7886.7199,20.56,124.15,0.0002198,2,0.00038597,8.0009e-06,1.068
5319,7886.72,20.53,124.22,0.0002189,2,0.00039867,8.0496e-06,1.068
5320,7886.7201,20.5,124.29,0.000236,0,0.00039984,8.0761e-06,1.067
5321,7886.7203,20.47,124.37,0.0002624,2,0.00039666,8.0869e-06,1.067
5322,7886.7204,20.44,124.44,0.0002427,2,0.00039596,8.0765e-06,1.067
5323,7886.7315,17.71,132.76,0.0002089,2,0.00042919,8.218e-06,1.05
5324,7886.7317,17.67,132.9,0.0006115,2,0.00042654,1.0951e-05,1.049
5325,7886.7413,15.64,141.98,0.0003999,2,0.00042161,9.0785e-06,1.038
5326,7886.7544,13.58,158.03,0.000351,2,0.00033206,8.579e-06,1.029
5327,7886.7643,12.79,172.52,0.0008971,2,0.00031263,1.2307e-05,1.025
5328,7886.8051,17.38,225.88,0.001584,2,0.00075616,1.3969e-05,1.048
5329,7886.8169,20.23,234.92,0.00135,2,0.00040367,1.1563e-05,1.066
5330,7886.8267,22.84,240.81,0.0003544,2,0.00024099,7.5593e-06,1.085
5331,7886.8379,25.99,246.26,0.0004971,2,0.00023756,8.0005e-06,1.112
5332,7886.8475,28.76,250.11,0.0002938,2,0.00027216,6.9711e-06,1.14
5333,7886.8476,28.8,250.15,0.0002323,2,0.00026326,6.9098e-06,1.141
5334,7886.8477,28.83,250.2,0.000241,2,0.0002662,6.9294e-06,1.141
5335,7886.8479,28.87,250.24,0.000233,2,0.00026924,6.9693e-06,1.141
5336,7886.848,28.9,250.28,0.000262,2,0.00027529,6.9921e-06,1.142
5337,7886.8481,28.93,250.32,0.0003043,2,0.00027017,7.0013e-06,1.142
5338,7886.859,32.2,254.05,0.001461,2,0.00029049,9.6016e-06,1.181
5339,7886.8692,35.29,257.06,0.002281,2,0.00032194,1.121e-05,1.224
5340,7886.9098,47.83,266.37,0.001825,2,0.00043141,8.4373e-06,1.488
5341,7886.962,64.15,275.56,0.001073,2,0.00022096,4.3735e-06,2.278
5342,7886.9721,67.28,277.2,0.0003873,2,0.00024311,3.0869e-06,2.567
5343,7886.9724,67.38,277.25,0.0003854,2,0.0002557,3.1072e-06,2.578
5344,7886.9855,71.45,279.37,0.0005984,2,0.00022639,2.6334e-06,3.1
5345,7886.996,74.67,281.06,0.00161,2,0.00026015,3.0796e-06,3.713
5346,7887.5244,80.13,76.18,0.002379,2,0.00038844,2.548e-06,5.676
5347,7887.5348,76.95,77.9,0.0009597,2,0.0003746,2.1615e-06,4.355
5348,7887.5471,73.17,79.91,0.0005446,0,0.00034644,2.6463e-06,3.417
5349,7887.5473,73.12,79.93,0.0005698,0,0.00035012,2.6558e-06,3.408
5350,7887.5475,73.07,79.96,0.0005588,0,0.00035307,2.6642e-06,3.399
5351,7887.5476,73.02,79.99,0.0005579,0,0.00035526,2.6718e-06,3.389
5352,7887.5573,70.04,81.55,0.0004585,0,0.00031483,3.0353e-06,2.906
5353,7887.5574,70.02,81.56,0.0004564,0,0.00030818,3.029e-06,2.903
5354,7887.5574,69.99,81.57,0.0004637,0,0.00030508,3.0275e-06,2.899
5355,7887.5575,69.97,81.59,0.0004787,0,0.00031005,3.0366e-06,2.897
5356,7887.5576,69.95,81.6,0.0004524,0,0.00031681,3.0484e-06,2.894
5357,7887.5576,69.93,81.61,0.0004631,0,0.00031894,3.053e-06,2.891
5358,7887.5577,69.91,81.62,0.0004486,0,0.00032094,3.0583e-06,2.889
5359,7887.5578,69.89,81.63,0.0004491,0,0.00032153,3.0616e-06,2.886
5360,7887.5579,69.86,81.64,0.0004419,0,0.00032276,3.0672e-06,2.882
5361,7887.5579,69.84,81.65,0.000445,0,0.00031963,3.0653e-06,2.879
5362,7887.5703,65.99,83.67,0.000278,2,0.00033711,3.5827e-06,2.445
5363,7887.5707,65.9,83.72,0.0004598,2,0.00033667,3.5893e-06,2.437
5364,7887.5807,62.77,85.38,0.001491,2,0.00040739,5.5313e-06,2.178
5365,7887.5919,59.28,87.25,0.0002965,0,0.00042889,4.5557e-06,1.953
5366,7887.592,59.26,87.27,0.0003505,0,0.00042782,4.5547e-06,1.951
5367,7887.592,59.24,87.28,0.0004534,0,0.00043653,4.5678e-06,1.95
5368,7887.5921,59.21,87.29,0.0004427,0,0.00043258,4.5656e-06,1.949
5369,7887.5922,59.19,87.3,0.0002426,0,0.00041612,4.5454e-06,1.947
5370,7887.5922,59.17,87.31,0.0002441,0,0.00040503,4.5331e-06,1.946
5371,7887.5923,59.15,87.33,0.0002668,0,0.00040911,4.5433e-06,1.945
5372,7887.5924,59.13,87.34,0.0003287,0,0.00041257,4.5525e-06,1.944
5373,7887.5925,59.1,87.35,0.0002817,0,0.00040192,4.544e-06,1.942
5374,7887.5925,59.08,87.36,0.0003436,0,0.00038938,4.5291e-06,1.941
5375,7887.602,56.13,88.99,0.0002399,0,0.0003505,4.8066e-06,1.79
5376,7887.6021,56.11,89.01,0.0002845,0,0.00036833,4.8415e-06,1.789
5377,7887.6021,56.08,89.02,0.0002362,0,0.00036837,4.8448e-06,1.788
5378,7887.6022,56.06,89.03,0.0002382,0,0.00035896,4.8298e-06,1.787
5379,7887.6023,56.04,89.04,0.0002505,0,0.0003548,4.8244e-06,1.786
5380,7887.6023,56.02,89.05,0.0002271,0,0.0003509,4.8191e-06,1.785
5381,7887.6024,56,89.07,0.0002252,0,0.00034923,4.8177e-06,1.784
5382,7887.6025,55.97,89.08,0.0002261,0,0.00035392,4.8305e-06,1.783
5383,7887.6025,55.95,89.09,0.000225,0,0.00035192,4.8289e-06,1.782
5384,7887.6026,55.93,89.1,0.0002237,0,0.00034526,4.8178e-06,1.781
5385,7887.6139,52.4,91.13,0.0002185,0,0.00036536,5.2618e-06,1.636
5386,7887.614,52.37,91.14,0.0002136,0,0.00036601,5.2654e-06,1.635
5387,7887.6141,52.35,91.16,0.0002085,0,0.00037322,5.2809e-06,1.634
5388,7887.6141,52.33,91.17,0.0002139,0,0.00038375,5.3024e-06,1.634
5389,7887.6142,52.31,91.18,0.0002114,0,0.00038099,5.2995e-06,1.633
5390,7887.6143,52.29,91.2,0.0002097,0,0.00038247,5.3046e-06,1.632
5391,7887.6143,52.26,91.21,0.0002097,0,0.00037234,5.2894e-06,1.631
5392,7887.6144,52.24,91.22,0.0002153,0,0.00036291,5.2736e-06,1.63
5393,7887.6145,52.22,91.24,0.0002112,0,0.00035341,5.2569e-06,1.63
5394,7887.6146,52.2,91.25,0.0002076,0,0.0003472,5.246e-06,1.629
5395,7887.6231,49.53,92.86,0.0002107,0,0.00023239,5.1837e-06,1.538
5396,7887.6232,49.5,92.87,0.0002141,0,0.00023566,5.1995e-06,1.537
5397,7887.6233,49.48,92.88,0.0002221,0,0.00023578,5.2022e-06,1.536
5398,7887.6233,49.46,92.9,0.0002312,0,0.00023173,5.1881e-06,1.536
5399,7887.6234,49.44,92.91,0.0002174,0,0.00021916,5.1377e-06,1.535
5400,7887.6235,49.42,92.92,0.0002152,0,0.00021253,5.1105e-06,1.534
5401,7887.6235,49.39,92.94,0.000217,0,0.00022548,5.1699e-06,1.533
5402,7887.6236,49.37,92.95,0.0002204,0,0.00022414,5.1656e-06,1.533
5403,7887.6237,49.35,92.96,0.0002212,0,0.0002187,5.1445e-06,1.532
5404,7887.6237,49.33,92.98,0.0002142,0,0.00022112,5.158e-06,1.532
5405,7887.6332,46.38,94.85,0.0002049,0,0.00028848,5.6983e-06,1.448
5406,7887.6333,46.35,94.87,0.0002052,0,0.00028855,5.7014e-06,1.447
5407,7887.6334,46.33,94.88,0.0001895,0,0.00028849,5.7032e-06,1.446
5408,7887.6334,46.31,94.9,0.0001991,0,0.00027542,5.6612e-06,1.446
5409,7887.6335,46.29,94.91,0.0001971,0,0.00026615,5.6307e-06,1.445
5410,7887.6336,46.27,94.93,0.0002141,0,0.00025256,5.5819e-06,1.445
5411,7887.6336,46.24,94.94,0.0002023,0,0.00025964,5.6117e-06,1.444
5412,7887.6337,46.22,94.96,0.0002111,0,0.00025794,5.6071e-06,1.443
5413,7887.6338,46.2,94.97,0.0002172,0,0.0002505,5.581e-06,1.443
5414,7887.6338,46.18,94.98,0.0002078,0,0.00024804,5.5734e-06,1.442
5415,7887.6451,42.68,97.39,0.0002015,0,0.00021919,5.7642e-06,1.359
5416,7887.6452,42.65,97.4,0.0001978,0,0.00022182,5.7796e-06,1.358
5417,7887.6453,42.63,97.42,0.0001987,0,0.00022398,5.7924e-06,1.358
5418,7887.6453,42.61,97.43,0.0001968,0,0.00023414,5.8425e-06,1.357
5419,7887.6454,42.59,97.45,0.0002215,0,0.0002368,5.8605e-06,1.357
5420,7887.6455,42.57,97.47,0.0002231,2,0.00024391,5.8971e-06,1.356
5421,7887.6455,42.55,97.48,0.000212,2,0.00024777,5.9141e-06,1.356
5422,7887.6456,42.52,97.5,0.0002791,0,0.00025465,5.9576e-06,1.355
5423,7887.6457,42.5,97.51,0.0004779,2,0.00024679,5.9889e-06,1.355
5424,7887.6458,42.48,97.53,0.0008376,2,0.00027953,6.1888e-06,1.355
5425,7887.6552,39.55,99.74,0.000227,0,0.00025407,6.2379e-06,1.296
5426,7887.6554,39.51,99.77,0.0003225,2,0.00026113,6.2713e-06,1.295
5427,7887.6555,39.46,99.8,0.0002499,2,0.00027196,6.306e-06,1.294
5428,7887.6556,39.42,99.84,0.0002507,2,0.0002579,6.2564e-06,1.293
5429,7887.6558,39.38,99.87,0.0002333,2,0.00025111,6.2373e-06,1.293
5430,7887.6666,36.07,102.66,0.0009144,2,0.00033591,8.4407e-06,1.236
5431,7887.6766,33.05,105.55,0.000222,2,0.000195,6.4165e-06,1.192
5432,7887.6767,32.99,105.6,0.0005297,2,0.00017725,6.9257e-06,1.191
5433,7887.6891,29.31,109.75,0.0002698,2,0.00015773,6.4338e-06,1.146
5434,7887.6989,26.48,113.64,0.0002448,2,0.00019269,6.7909e-06,1.117
5435,7887.6991,26.41,113.73,0.0002771,2,0.00018333,6.7626e-06,1.116
5436,7887.6993,26.35,113.82,0.0002749,2,0.00019121,6.8617e-06,1.116
5437,7887.7103,23.27,119.11,0.001098,2,0.00019118,9.0119e-06,1.088
5438,7887.7205,20.58,125.12,0.001161,2,0.0002342,9.6545e-06,1.068
5439,7887.7311,18,133.04,0.001493,1,0.00022643,1.0696e-05,1.051
5440,7887.7413,15.86,142.58,0.001111,2,0.00024797,9.9892e-06,1.039
5441,7887.7525,14.06,155.89,0.00184,2,0.00021659,1.9725e-05,1.031
5442,7887.7622,13.16,169.68,0.001279,2,0.00023086,1.2387e-05,1.027
5443,7887.7729,13.03,185.96,0.001578,2,0.00030897,1.1317e-05,1.026
5444,7887.814,19.71,232.41,0.001723,2,0.00043269,1.2709e-05,1.062
5445,7887.8242,22.36,238.92,0.001487,2,0.00039337,1.1324e-05,1.081
5446,7887.8352,25.38,244.54,0.001669,2,0.00045433,1.176e-05,1.107
5447,7887.8454,28.32,248.86,0.001266,2,0.00046702,1.0561e-05,1.136
5448,7887.8564,31.55,252.77,0.0008673,2,0.00040344,8.9958e-06,1.173
5449,7887.8665,34.61,255.89,0.0006404,2,0.00039303,8.0312e-06,1.214
5450,7887.9065,46.95,265.41,0.001042,2,0.0004517,7.7084e-06,1.463
5451,7887.9178,50.47,267.6,0.0002355,2,0.0004324,5.4768e-06,1.569
5452,7887.9181,50.57,267.66,0.000286,2,0.00041909,5.4713e-06,1.572
5453,7887.9274,53.47,269.37,0.0003581,2,0.00041502,5.227e-06,1.677
5454,7887.9372,56.54,271.12,0.0002591,0,0.00036345,4.6204e-06,1.809
5455,7887.9373,56.57,271.13,0.0002912,0,0.00034974,4.5833e-06,1.81
5456,7887.9373,56.59,271.14,0.0002538,0,0.00035786,4.5949e-06,1.811
5457,7887.9484,60.03,273.03,0.0008201,2,0.00040972,5.3192e-06,1.995
5458,7887.9583,63.13,274.68,0.0005387,2,0.00042177,3.9552e-06,2.204
5459,7887.9586,63.23,274.74,0.0005794,2,0.0004301,4.3377e-06,2.211
5460,7887.9699,66.75,276.59,0.0003207,0,0.00035474,3.3532e-06,2.517
5461,7887.97,66.78,276.61,0.0003342,0,0.00035634,3.352e-06,2.52
5462,7887.9701,66.8,276.62,0.0003245,0,0.00035728,3.3508e-06,2.523
5463,7887.9702,66.82,276.63,0.0003133,0,0.0003559,3.3463e-06,2.525
5464,7887.9702,66.84,276.64,0.0003204,0,0.00035734,3.346e-06,2.527
5465,7887.9703,66.86,276.65,0.0003364,0,0.00036163,3.3498e-06,2.529
5466,7887.9704,66.89,276.66,0.0003281,0,0.00036264,3.348e-06,2.532
5467,7887.9704,66.91,276.67,0.0003325,0,0.0003629,3.3454e-06,2.534
5468,7887.9705,66.93,276.69,0.0003382,0,0.00036283,3.3427e-06,2.536
5469,7887.9706,66.95,276.7,0.0003284,0,0.00036656,3.3463e-06,2.538
5470,7887.9801,69.9,278.24,0.0005982,2,0.00035809,2.9757e-06,2.885
5471,7887.9802,69.95,278.26,0.0009912,2,0.00034603,2.9558e-06,2.891
5472,7887.9804,69.99,278.28,0.001362,2,0.0003368,2.9435e-06,2.896
5473,7887.9805,70.03,278.31,0.001256,2,0.00033394,2.9307e-06,2.902
5474,7887.9806,70.07,278.33,0.000522,0,0.00034373,2.935e-06,2.907
5475,7887.9932,73.95,280.36,0.0004732,2,0.00031197,2.3786e-06,3.563
5476,7888.5241,80.31,76.4,0.001135,1,0.00019382,1.492e-06,5.693
5477,7888.5242,80.28,76.42,0.001133,1,0.00019255,1.4932e-06,5.676
5478,7888.5243,80.24,76.44,0.001134,1,0.00019328,1.4991e-06,5.655
5479,7888.5245,80.21,76.46,0.001124,1,0.00019503,1.5061e-06,5.641
5480,7888.5246,80.17,76.48,0.001111,1,0.00019402,1.5095e-06,5.619
5481,7888.5247,80.14,76.49,0.001098,1,0.00019407,1.513e-06,5.604
5482,7888.5343,77.21,78.08,0.0007081,0,0.00017916,1.872e-06,4.396
5483,7888.5344,77.19,78.09,0.0006963,0,0.00017941,1.8745e-06,4.389
5484,7888.5344,77.17,78.1,0.0006991,0,0.0001779,1.875e-06,4.382
5485,7888.5345,77.15,78.11,0.0006849,0,0.00017674,1.8741e-06,4.375
5486,7888.5346,77.13,78.13,0.0006855,0,0.00017641,1.8766e-06,4.369
5487,7888.5346,77.1,78.14,0.0006831,2,0.00017691,1.8807e-06,4.36
5488,7888.5347,77.08,78.15,0.0006912,0,0.00017476,1.8799e-06,4.352
5489,7888.5348,77.06,78.16,0.0006861,0,0.00017343,1.881e-06,4.345
5490,7888.5349,77.04,78.17,0.0006662,0,0.00017303,1.8819e-06,4.339
5491,7888.5349,77.02,78.18,0.0006754,0,0.00017261,1.8848e-06,4.332
5492,7888.5465,73.47,80.07,0.000463,0,0.00026875,2.5072e-06,3.47
5493,7888.5466,73.45,80.08,0.0004712,0,0.00026837,2.509e-06,3.466
5494,7888.5466,73.43,80.09,0.0004712,0,0.00026901,2.5129e-06,3.462
5495,7888.5467,73.4,80.1,0.0004703,0,0.00026818,2.5163e-06,3.456
5496,7888.5468,73.38,80.12,0.0004722,0,0.00026684,2.5163e-06,3.452
5497,7888.5468,73.36,80.13,0.0004665,0,0.00026592,2.5181e-06,3.448
5498,7888.5469,73.34,80.14,0.0004627,0,0.00026621,2.5218e-06,3.444
5499,7888.547,73.32,80.15,0.0004746,0,0.00026532,2.523e-06,3.44
5500,7888.5471,73.3,80.16,0.0004699,0,0.00026561,2.5264e-06,3.436
5501,7888.5471,73.27,80.17,0.0004602,0,0.00026643,2.5315e-06,3.431
5502,7888.5566,70.35,81.71,0.0005559,2,0.00033653,3.4566e-06,2.95
5503,7888.5689,66.54,83.72,0.0003503,2,0.00051832,3.7059e-06,2.501
5504,7888.569,66.52,83.73,0.0005418,2,0.00051761,3.7294e-06,2.499
5505,7888.5691,66.49,83.75,0.0006857,2,0.00051444,3.7655e-06,2.496
5506,7888.5691,66.47,83.76,0.0004268,2,0.00052476,3.8656e-06,2.494
5507,7888.5692,66.44,83.77,0.0007562,2,0.00053045,4.429e-06,2.491
5508,7888.5693,66.42,83.78,0.0007755,2,0.00053709,4.2865e-06,2.489
5509,7888.5694,66.39,83.8,0.0008095,2,0.00055261,4.6777e-06,2.487
5510,7888.5694,66.37,83.81,0.001019,2,0.00055021,5.0145e-06,2.485
5511,7888.5695,66.35,83.82,0.001003,2,0.00056317,4.9893e-06,2.483
5512,7888.579,63.39,85.39,0.0002896,0,0.00050027,4.0849e-06,2.225
5513,7888.5791,63.37,85.4,0.0002907,0,0.00049811,4.0853e-06,2.224
5514,7888.5792,63.35,85.41,0.0002909,0,0.00049267,4.0836e-06,2.222
5515,7888.5792,63.32,85.43,0.0003013,0,0.00049201,4.0874e-06,2.22
5516,7888.5793,63.3,85.44,0.0002872,0,0.00050487,4.101e-06,2.218
5517,7888.5794,63.28,85.45,0.0002908,0,0.00051698,4.1128e-06,2.217
5518,7888.5794,63.26,85.46,0.0002837,0,0.00052095,4.1191e-06,2.215
5519,7888.5795,63.24,85.47,0.0002851,0,0.00052176,4.1214e-06,2.214
5520,7888.5796,63.21,85.48,0.0002901,0,0.0005172,4.1224e-06,2.212
5521,7888.5797,63.19,85.5,0.0002933,0,0.00051676,4.1248e-06,2.21
5522,7888.5905,59.81,87.32,0.0002473,0,0.00054684,4.5926e-06,1.984
5523,7888.5906,59.78,87.33,0.0002442,0,0.00055008,4.5978e-06,1.982
