June 2022
Area,Monitoring_Site,POC,Flag,1,2,3,4,5,6,7,8,9,10,11,12,13,14,15,16,17,18,19,20,21,22,23,24,25,26,27,28,29,30
,Hamshire C64/C654,1,Reg,20,24,35,46,43,29,24,26,33,32,24,21,23,22,22,29,34,30,51,64,33,28,50,35,50,53,NV,55,61,23
,Houston East C1/G316,2,Reg,30,35,33,68,53,32,31,36,47,38,37,25,28,25,27,79,54,54,59,96,52,52,59,42,55,73,52,50,63,35
,Houston Aldine C8/AF108/X150 ,2,Reg,NA,NV,37,46,52,33,33,42,53,37,35,27,26,24,28,59,56,57,53,68,53,60,64,48,53,52,39,50,56,28
,Channelview C15/AH115 ,3,Reg,24,34,32,53,51,32,27,27,39,38,31,26,28,22,23,57,43,43,48,72,44,46,59,39,53,63,42,47,54,29
,Northwest Harris Co. C26/A110/X154,2,Reg,31,NV,41,62,55,38,41,47,48,34,31,27,27,28,31,NV,60,60,65,74,73,58,62,53,55,53,51,59,63,38
,Hou.DeerPrk2 C35/235/1001/AFH139FP239,1,Reg,28,38,39,63,49,32,27,31,35,32,26,23,27,24,25,61,48,45,53,73,48,45,52,37,50,76,54,53,64,39
,Seabrook Friendship Park C45,1,Reg,21,31,31,45,39,25,20,22,26,20,18,16,18,18,19,38,32,30,47,52,35,29,NV,27,38,46,43,52,50,35
,Houston Bayland Park C53/A146 ,1,Reg,26,41,51,73,48,33,NV,39,46,30,29,24,23,24,24,56,38,36,57,82,53,41,51,40,50,64,NV,NV,68,40
,Conroe Relocated C78/A321,1,Reg,46,40,37,43,69,49,54,48,52,37,33,35,41,38,NV,40,57,48,44,62,62,52,68,69,66,48,47,58,56,35
,Manvel Croix Park C84,1,Reg,22,47,54,61,46,31,27,NV,29,24,21,21,22,24,23,35,NV,28,48,72,38,32,38,33,45,46,64,64,59,38
,Clinton C403/C304/AH113 ,3,Reg,21,40,41,65,46,29,NV,32,38,32,30,25,NV,24,24,76,47,51,58,87,NV,42,47,35,48,70,59,57,67,40
,Houston North Wayside C405/C1033,1,Reg,24,34,34,53,49,30,29,32,44,31,30,24,24,22,25,64,50,54,54,75,44,51,57,43,52,57,40,46,55,32
,Houston Monroe C406,1,Reg,18,38,36,58,42,28,24,27,30,26,21,19,NV,20,22,44,33,33,48,NV,37,29,37,29,39,53,58,51,60,36
,Lang C408,2,Reg,25,33,39,67,49,31,30,40,47,31,30,24,25,24,25,62,44,50,60,90,50,47,56,46,49,60,52,53,59,30
,Houston Croquet C409,2,Reg,23,41,48,66,45,31,28,34,38,27,27,21,21,24,23,45,32,30,49,72,43,34,NV,34,44,53,57,NV,61,36
,Houston Westhollow C410/C3003,1,Reg,22,33,46,62,45,29,27,36,40,26,25,20,21,20,23,45,33,33,46,75,48,36,43,NV,45,56,56,58,64,37
,Park Place C416,1,Reg,NV,36,42,62,46,31,27,31,38,30,27,21,23,22,24,61,43,41,56,79,46,40,46,36,46,71,62,55,69,40
,Houston Harvard Street C417,1,Reg,24,NV,45,77,52,30,31,40,49,33,33,26,23,25,26,77,47,52,65,97,52,40,NV,42,53,68,60,60,67,36
,Sheldon C551,1,Non,23,29,30,42,48,30,25,30,43,34,31,22,26,21,23,52,44,45,46,65,43,49,62,42,54,57,40,45,51,22
,Baytown Wetlands Center C552,1,Non,21,30,32,47,41,25,20,22,30,24,19,17,18,20,20,45,29,27,42,54,39,28,43,32,45,66,44,50,52,30
,Crosby Library C553,1,Non,24,28,28,37,53,31,28,34,48,34,34,25,28,24,27,50,41,42,44,56,46,45,62,47,59,57,38,44,NV,NV
,West Houston C554,1,Non,26,37,48,68,51,33,NV,44,46,31,29,24,24,23,26,55,44,46,61,92,58,44,55,46,54,64,55,60,70,37
,La Porte Sylvan Beach C556,1,Non,20,30,31,43,39,25,19,20,28,20,17,15,17,18,18,39,29,28,44,54,34,30,40,27,41,50,43,52,54,38
,Mercer Arboretum C557,1,Non,37,NV,NV,46,59,38,40,47,58,36,36,28,30,29,33,55,65,59,52,66,58,66,69,58,59,47,39,51,55,NV
,Tom Bass C558,1,Non,19,49,47,58,42,28,24,25,26,20,18,16,18,19,19,35,27,25,47,65,35,26,37,29,41,49,53,54,59,35
,Katy Park C559,1,Non,25,32,42,59,44,29,27,36,32,25,23,21,20,20,21,42,34,33,41,70,50,34,42,35,44,52,46,54,64,13
,Atascocita C560,1,Non,29,27,29,40,52,32,32,35,50,36,33,25,26,24,28,46,48,48,43,54,45,54,63,48,54,42,39,45,49,NV
,Meyer Park C561,1,Non,26,30,35,52,50,34,35,NV,49,30,27,21,27,22,28,55,58,58,57,67,59,53,60,49,52,48,NV,51,56,NV
,Huffman Wolf Road C563,1,Non,27,28,31,37,57,37,37,41,55,40,39,31,34,30,33,46,45,41,44,56,49,43,63,56,64,48,39,48,NV,NV
,HRM-3 Haden Road C603/A114 ,1,Non,26,37,36,64,48,31,27,30,41,35,34,25,26,22,24,72,49,48,53,84,49,49,58,39,52,72,51,51,61,32
,Wallisville Road C617 ,1,Non,27,31,34,49,51,31,27,33,48,34,35,25,26,26,27,56,40,38,47,66,47,43,58,45,59,72,46,51,56,31
,Texas City 34th St. C620 ,1,Non,26,58,42,64,48,37,27,26,28,23,21,23,24,27,26,44,41,35,55,64,NV,NV,35,28,43,48,59,62,54,NV
,UH Moody Tower C695,1,Non,20,40,42,70,45,30,NV,34,42,34,32,23,25,24,26,67,42,43,59,85,48,40,50,38,48,70,63,54,65,38
,UH WG Jones Forest C698,1,Non,47,40,39,47,68,46,50,48,52,37,34,32,38,34,41,43,68,55,53,66,52,62,73,70,63,50,48,60,60,35
,Lynchburg Ferry C1015/A165 ,1,Reg,23,27,27,53,45,30,24,26,35,29,23,21,25,22,22,56,37,35,46,63,42,36,52,34,47,67,45,45,56,36
,Lake Jackson C1016 ,1,Reg,22,37,65,63,43,32,25,24,23,16,18,20,22,24,23,28,28,27,34,63,38,26,26,29,43,47,56,67,55,48
,Baytown Garth C1017,1,Reg,32,36,38,55,58,37,32,40,56,41,42,30,30,31,33,66,47,43,53,72,54,49,63,52,67,78,53,57,64,39
,Galveston 99th St. C1034/A320/X183,1,Reg,22,58,45,58,44,34,21,20,NV,15,17,19,19,23,21,29,34,27,67,66,43,24,27,38,42,37,71,70,51,48
,UH Smith Point C1606,1,Non,24,37,33,54,43,32,23,22,25,21,17,18,21,24,24,35,34,36,49,54,43,32,40,31,47,51,56,61,54,44
,Oyster Creek C1607 ,1,Non,27,44,65,67,46,36,27,26,27,20,22,24,26,26,26,29,29,29,34,65,46,31,30,39,45,44,64,70,52,50
,UH Launch Trailer C1611,1,Non,NV,41,44,75,50,34,30,34,40,32,NV,NA,NV,24,27,69,41,44,59,86,47,40,51,37,49,69,61,53,64,37
,Liberty Sam Houston Library C1626,1,Non,17,25,28,35,47,30,NV,NA,45,36,37,28,26,23,25,32,36,33,45,57,40,34,50,48,65,44,38,48,50,25
