July 2023
Area,Monitoring_Site,POC,Flag,1,2,3,4,5,6,7,8,9,10,11,12,13,14,15,16,17,18,19,20,21,22,23,24,25,26,27,28,29,30,31
,Hamshire C64/C654,1,Reg,29,38,34,22,15,15,20,20,17,25,22,14,15,NV,24,39,25,24,17,19,22,39,38,53,31,29,45,NV,25,42,50
,Houston East C1/G316,2,Reg,40,43,53,30,23,16,25,28,24,34,31,23,27,28,31,46,47,36,32,36,34,55,64,65,41,43,46,53,39,60,77
,Houston Aldine C8/AF108/X150 ,2,Reg,41,35,54,30,24,13,24,31,28,34,33,27,32,31,31,34,50,39,38,44,41,43,56,68,44,48,52,58,43,52,74
,Channelview C15/AH115 ,3,Reg,37,42,54,31,21,16,22,30,26,33,31,23,24,27,33,42,40,29,28,32,36,47,76,62,37,40,41,58,40,59,66
,Northwest Harris Co. C26/A110/X154,2,Reg,33,33,43,30,NV,16,26,26,29,32,29,26,27,29,27,25,36,NV,NA,NA,NA,NA,NA,NA,NA,NA,NA,NA,NA,NA,NA
,Hou.DeerPrk2 C35/235/1001/AFH139FP239,1,Reg,34,44,43,28,21,18,24,27,21,25,25,19,22,25,25,34,32,28,25,26,27,44,62,51,35,34,39,46,31,46,64
,Seabrook Friendship Park C45,1,Reg,29,42,37,25,18,17,23,23,19,19,18,16,19,23,23,25,23,22,22,20,23,29,59,NV,NV,20,29,37,28,34,55
,Houston Bayland Park C53/A146 ,1,Reg,32,39,44,31,22,17,27,27,25,30,27,21,24,NV,24,31,39,30,NV,NA,NA,NA,NA,NA,NA,NA,NA,NA,NA,NA,NA
,Conroe Relocated C78/A321,1,Reg,38,35,55,28,37,23,40,34,32,38,38,36,40,44,32,28,42,49,47,48,41,44,46,63,69,64,56,66,48,47,62
,Manvel Croix Park C84,1,Reg,30,36,37,25,21,16,23,22,19,19,19,17,NV,NV,22,25,NV,18,17,18,18,31,30,31,NV,28,26,31,24,29,41
,Clinton C403/C304/AH113 ,3,Reg,32,38,42,26,19,9,22,23,21,27,NV,NV,NV,NV,24,40,33,27,24,27,26,48,53,47,33,35,33,42,33,52,62
,Houston North Wayside C405/C1033,1,Reg,35,34,47,26,18,10,20,25,24,30,27,22,24,24,28,39,44,34,30,22,30,41,54,58,36,40,41,46,35,52,71
,Houston Monroe C406,1,Reg,27,35,34,23,18,14,20,21,17,20,19,17,16,19,20,31,26,21,19,NV,21,35,37,37,29,28,28,34,25,34,48
,Lang C408,2,Reg,38,36,47,30,20,13,26,29,26,30,29,23,28,30,25,32,40,38,34,42,35,41,51,63,41,46,47,52,42,52,72
,Houston Croquet C409,2,Reg,27,35,37,27,22,14,25,23,22,24,20,18,18,22,21,34,31,25,23,24,22,34,33,38,33,33,32,36,27,39,52
,Houston Westhollow C410/C3003,1,Reg,27,29,37,26,16,12,23,21,20,21,19,14,15,NV,NA,NA,NA,NA,NA,NA,NV,35,34,42,39,36,36,38,30,42,54
,Park Place C416,1,Reg,32,40,42,27,23,16,24,26,22,28,25,19,21,24,25,37,32,27,25,28,26,44,46,47,36,34,36,43,31,45,62
,Houston Harvard Street C417,1,Reg,31,37,48,31,21,13,25,27,26,31,29,22,24,25,31,35,45,33,30,39,33,45,51,58,41,43,43,51,35,51,70
,Sheldon C551,1,Non,39,35,52,25,19,12,22,24,23,31,30,22,27,27,30,39,42,34,30,34,36,46,61,56,40,43,43,60,40,53,67
,Baytown Wetlands Center C552,1,Non,30,42,37,23,18,14,20,21,16,21,20,14,17,19,19,35,21,21,20,21,24,42,63,34,27,27,25,38,28,54,54
,Crosby Library C553,1,Non,43,35,51,28,23,13,27,28,25,32,33,24,27,30,33,36,48,38,34,42,43,47,45,55,45,46,38,51,46,56,63
,West Houston C554,1,Non,32,33,43,28,22,15,25,26,24,27,25,18,20,24,23,28,30,29,25,34,27,37,42,46,43,42,41,47,34,51,65
,La Porte Sylvan Beach C556,1,Non,27,45,35,22,17,13,21,20,15,16,16,12,15,17,18,23,19,19,18,15,20,30,54,34,26,26,25,35,23,33,52
,Mercer Arboretum C557,1,Non,48,32,62,30,26,10,27,30,26,36,37,30,35,37,28,27,47,45,45,52,43,40,47,72,53,57,59,74,50,56,74
,Tom Bass C558,1,Non,27,34,35,22,18,14,21,21,18,19,19,15,17,20,22,31,25,21,20,22,21,34,33,35,32,30,27,30,24,33,46
,Katy Park C559,1,Non,28,33,36,28,20,16,23,24,25,26,23,20,20,23,22,24,NA,NA,NA,32,27,37,38,45,36,38,37,42,30,44,55
,Atascocita C560,1,Non,47,34,59,33,25,14,30,33,30,37,39,33,35,35,36,41,54,43,41,46,43,47,51,65,47,53,51,67,45,53,71
,Meyer Park C561,1,Non,39,29,54,25,25,13,27,25,24,29,28,22,25,28,25,26,43,38,34,45,31,38,43,69,47,50,58,63,43,53,74
,Bunker Hill Village C562,1,Non,31,28,39,25,17,NV,22,20,20,22,20,15,18,21,18,23,31,28,22,31,24,34,36,45,33,35,33,38,32,42,56
,Huffman Wolf Road C563,1,Non,51,34,57,33,32,19,37,38,33,40,40,34,39,40,42,41,55,50,42,48,50,46,39,58,51,52,40,50,49,55,62
,HRM-3 Haden Road C603/A114 ,1,Non,37,42,50,29,20,16,23,27,23,31,29,21,24,26,31,42,45,NV,29,32,34,53,64,58,39,40,43,53,36,62,73
,Wallisville Road C617 ,1,Non,41,45,52,32,26,19,27,31,27,37,32,24,26,28,32,47,46,35,32,37,41,51,68,52,42,42,36,48,44,58,66
,Texas City 34th St. C620 ,1,Non,39,45,43,31,25,23,29,26,21,22,21,21,20,24,26,27,25,24,20,20,24,36,48,37,28,29,31,39,27,37,48
,UH Moody Tower C695,1,Non,30,38,41,26,21,16,24,25,23,29,26,20,23,24,24,37,38,29,27,NV,NA,NA,NA,NA,NA,NA,NA,NA,NA,NA,NA
,UH WG Jones Forest C698,1,Non,40,36,60,NV,NA,NA,NA,NA,NA,NA,NA,NA,NA,NA,NA,NA,NA,NA,NA,NA,NA,NA,NA,NA,NA,NA,NA,NA,49,53,69
,Lynchburg Ferry C1015/A165 ,1,Reg,34,43,47,28,NV,18,24,28,22,NV,24,20,23,25,27,40,30,26,23,24,28,43,78,49,33,34,32,49,34,58,60
,Lake Jackson C1016 ,1,Reg,25,32,35,25,20,16,29,25,17,16,15,16,16,21,21,20,NV,17,17,15,15,29,27,27,23,24,25,25,20,25,31
,Baytown Garth C1017,1,Reg,45,49,57,34,28,20,29,34,29,40,35,24,29,31,35,51,49,40,36,44,46,55,73,58,46,45,40,52,49,62,79
,Galveston 99th St. C1034/A320/X183,1,Reg,36,37,32,22,21,20,27,21,18,16,16,17,15,NV,NA,NA,NA,NA,NA,NA,NA,NA,NA,NA,NA,NA,NA,NA,NA,NA,NA
,UH Smith Point C1606,1,Non,36,47,39,25,NV,NA,NA,NA,NA,NA,NV,17,18,22,22,25,21,21,17,17,24,34,59,32,27,31,28,37,28,35,50
,Oyster Creek C1607 ,1,Non,30,33,38,28,24,21,30,27,20,20,NV,NA,NV,25,26,24,22,21,21,18,20,29,31,26,25,26,26,27,25,29,NV
,UH Launch Trailer C1611,1,Non,33,40,45,29,23,16,25,27,24,31,28,NV,25,26,27,40,42,31,29,33,29,46,49,51,40,39,40,47,34,50,66
,Liberty Sam Houston Library C1626,1,Non,47,35,50,2,22,17,22,36,28,39,40,29,33,36,38,38,53,48,40,46,59,NV,NA,NV,36,44,37,40,NV,NA,NA
